124
40 191 179 168 143 139 136 107 104 74 72 12 27 31 41 63 68 4 11 37 39 59 84 92 95 96 97 101 115 127 163 176 36 66 79 87 88 102 111 116 123 6877.32
40 66 4 11 75 76 140 79 15 16 84 148 87 88 92 156 29 95 159 96 97 163 99 36 37 101 102 38 39 44 45 111 176 115 116 56 186 59 123 61 127 2150.70
40 192 66 67 3 4 11 75 76 140 79 15 16 148 87 151 88 26 156 29 158 159 33 99 35 36 37 102 38 39 44 45 111 51 116 56 121 186 123 61 189 3440.08
40 192 64 66 67 3 71 73 137 75 76 140 79 15 16 148 87 151 88 26 156 29 158 159 33 99 35 36 102 38 44 45 111 51 116 56 121 186 123 61 189 1688.50
40 192 64 66 67 3 71 199 8 73 137 75 76 140 79 15 16 147 148 87 151 88 26 156 29 158 159 33 99 35 38 44 172 45 51 181 56 121 186 61 189 1074.01
40 192 64 67 3 71 199 8 73 137 75 76 140 15 16 18 147 148 151 26 156 29 158 159 33 99 35 38 44 172 45 49 51 181 53 56 121 186 61 189 62 10318.01
40 192 64 65 67 3 71 199 8 73 137 75 76 140 15 16 18 147 148 151 26 156 29 158 33 99 35 38 44 172 45 49 51 181 53 56 121 186 61 189 62 2558.60
40 192 64 65 67 3 71 199 8 73 137 75 76 140 15 16 18 146 147 148 151 26 156 29 158 33 99 35 38 44 172 49 51 181 53 120 121 122 61 189 62 849.26
40 192 64 65 1 67 3 71 199 8 73 137 75 76 140 15 16 18 146 147 148 151 26 156 158 33 35 171 172 49 178 51 181 53 182 120 121 122 61 189 62 1720.16
40 192 64 65 1 67 3 70 71 199 8 73 137 16 18 146 147 151 25 26 91 158 33 98 35 40 171 172 49 178 51 181 53 182 119 120 121 122 61 189 62 6016.51
40 192 64 65 1 129 67 3 70 71 199 73 137 16 18 146 147 151 25 26 91 158 33 98 35 40 171 172 49 178 51 181 53 182 119 120 121 122 61 189 62 1073.46
40 192 64 65 1 129 67 3 131 70 71 199 135 73 137 16 146 147 151 25 26 154 91 158 33 98 35 164 40 171 172 178 51 181 182 119 120 121 122 61 189 6087.64
40 192 64 65 129 67 3 131 70 71 199 135 73 137 16 146 147 151 25 26 154 91 158 33 98 35 164 40 171 172 175 178 51 181 182 119 120 121 122 61 189 1719.02
40 192 64 65 129 67 3 131 195 196 71 199 135 7 73 137 10 16 146 147 151 23 26 154 158 33 35 164 171 172 175 178 51 181 182 120 121 122 187 61 189 2513.31
40 192 64 129 67 3 131 195 196 71 199 135 7 73 137 10 16 146 147 151 23 26 154 158 33 35 164 171 172 46 175 178 51 181 182 120 121 122 187 61 189 2558.30
40 192 64 129 67 3 131 195 196 71 199 135 7 73 137 10 78 16 147 151 23 26 154 158 33 35 164 171 172 108 46 175 178 51 181 182 121 187 60 61 189 361.40
40 192 64 129 67 3 131 195 196 71 199 135 7 73 137 10 78 16 147 151 23 26 154 158 33 35 164 171 172 108 46 175 178 51 181 182 121 187 60 189 125 488.52
40 192 64 129 67 3 131 195 196 132 71 199 135 7 73 137 10 141 78 16 147 151 23 26 154 158 160 33 35 164 172 108 46 175 51 181 121 187 60 189 125 109.86
40 192 64 67 3 131 195 196 132 71 199 135 7 73 137 10 141 78 16 147 151 23 26 154 158 160 33 35 164 166 172 108 46 175 51 181 121 187 60 189 125 1072.77
40 192 64 67 3 195 196 132 71 199 7 73 137 10 141 78 16 147 19 151 23 26 158 30 160 33 35 166 167 42 172 108 46 175 51 181 121 187 60 189 125 294.83
40 192 64 67 3 195 196 132 71 199 7 73 137 10 141 78 16 147 19 151 23 26 158 30 160 33 35 166 167 42 172 108 46 175 47 51 181 121 187 60 125 2016.58
40 192 64 67 3 195 196 132 71 199 73 137 141 77 78 16 82 147 19 151 89 26 158 30 160 33 35 166 167 42 172 108 46 175 47 51 181 121 187 60 125 1198.32
40 192 64 67 3 195 196 132 71 199 73 137 141 77 78 82 147 19 151 89 26 158 30 160 33 35 166 167 105 42 172 108 46 175 47 51 181 121 187 60 125 1315.73
40 192 64 67 3 195 196 132 71 199 73 137 141 77 78 82 147 19 151 89 26 158 30 160 33 35 166 167 105 42 172 108 175 47 51 181 117 121 187 60 125 1273.11
40 192 64 67 3 195 196 132 71 199 73 137 141 77 78 82 147 19 151 89 26 158 30 160 33 35 166 167 105 42 172 108 47 51 181 117 183 121 187 60 125 646.71
40 192 64 67 3 195 196 132 71 199 73 137 141 77 78 82 147 19 21 89 26 30 160 32 33 35 166 167 105 42 172 108 47 51 181 117 183 187 60 188 125 542.10
40 64 3 195 196 132 71 199 73 137 141 77 78 82 147 19 21 85 89 26 30 160 32 33 35 166 167 105 42 172 108 47 51 181 117 183 57 187 60 188 125 105.79
40 64 3 195 196 132 71 199 73 137 141 77 78 82 147 19 21 85 89 26 90 93 30 160 32 33 35 166 167 105 42 172 47 51 181 117 183 57 187 188 125 59.51
40 64 3 195 196 132 71 199 73 137 141 77 82 147 19 21 85 89 26 90 93 30 160 32 33 35 166 167 105 42 172 109 47 51 181 117 183 57 187 188 125 297.53
40 64 3 195 196 132 71 199 73 137 141 77 82 147 19 21 85 89 26 90 93 30 160 32 33 35 166 167 105 42 172 109 47 51 181 117 183 57 187 188 124 630.09
40 64 130 3 195 196 132 71 199 73 137 141 77 82 147 19 21 85 89 26 90 93 30 160 32 33 35 166 167 105 42 172 109 47 51 181 117 183 57 188 124 337.20
40 64 130 3 195 196 132 134 71 199 73 137 141 77 82 147 19 21 85 89 26 90 93 30 32 33 35 166 167 105 42 172 109 47 51 181 117 183 57 188 124 69.42
40 64 130 3 195 196 132 134 71 199 73 137 141 77 144 82 147 19 21 85 89 26 90 93 30 32 33 35 167 105 42 172 109 47 51 181 117 183 57 188 124 198.35
40 64 193 130 3 195 196 134 71 199 73 137 77 144 82 147 19 21 85 89 26 90 93 30 32 33 35 167 105 169 42 172 109 47 51 181 117 183 57 188 124 942.17
40 64 193 130 3 195 196 134 71 199 73 137 77 144 82 147 19 21 85 89 26 90 93 30 32 33 34 35 105 169 42 172 109 47 51 181 117 183 57 188 124 96.94
40 64 193 130 3 195 134 71 199 73 137 77 144 82 147 19 21 85 89 26 90 93 30 32 33 34 35 105 169 42 43 172 109 47 51 181 117 183 57 188 124 1609.15
40 64 193 130 3 134 71 199 73 137 77 144 82 147 19 21 85 89 26 90 93 30 32 33 34 35 105 169 42 43 172 109 47 50 51 181 117 183 57 188 124 4937.58
40 64 193 130 3 134 71 199 73 137 77 144 80 82 147 19 21 85 89 26 90 93 30 32 33 34 35 105 169 42 43 172 109 47 50 51 117 183 57 188 124 2492.58
40 64 193 130 3 134 71 199 73 137 138 77 144 80 81 82 147 19 21 85 150 89 90 93 30 32 34 103 105 169 42 43 172 109 47 50 117 183 57 188 124 1284.34
40 64 193 130 134 71 199 73 137 138 77 144 80 81 82 147 19 21 85 150 89 153 90 93 30 32 34 103 105 169 42 43 172 109 47 50 117 183 57 188 124 4291.17
40 64 193 130 134 71 199 73 137 138 77 144 80 81 82 147 19 21 85 150 89 153 90 155 93 30 32 34 103 105 169 42 43 172 109 50 117 183 57 188 124 447.14
40 64 193 130 194 134 199 138 77 144 80 81 82 147 19 21 85 150 89 153 90 155 93 30 32 34 165 103 105 169 42 43 172 109 50 180 117 183 57 188 124 418.60
40 193 130 194 197 134 199 138 77 144 80 81 82 147 19 21 85 150 89 153 90 155 93 30 32 34 165 103 105 169 42 43 172 109 50 180 117 183 57 188 124 1173.05
40 193 130 194 197 134 199 138 77 13 144 80 81 82 147 19 21 85 150 89 153 90 155 93 30 32 34 165 103 105 169 43 172 109 50 180 117 183 57 188 124 76.11
40 193 130 194 197 134 199 138 77 13 144 80 81 17 82 19 21 85 150 89 153 90 155 93 30 32 34 165 103 105 169 43 109 50 180 117 183 55 57 188 124 782.04
40 193 130 194 197 134 199 138 77 13 144 80 81 17 82 19 83 21 85 150 89 153 90 155 93 32 34 165 103 105 169 43 109 50 180 117 183 55 57 188 124 85.62
40 193 130 194 197 134 138 77 13 144 80 81 17 82 19 83 21 85 150 89 153 90 155 93 32 34 165 103 105 169 43 109 113 50 180 117 183 55 57 188 124 391.02
40 128 193 130 194 197 134 138 77 13 144 80 81 17 82 83 21 85 150 89 153 90 155 93 32 34 165 103 105 169 43 109 113 50 180 117 183 55 57 188 124 2185.69
40 128 193 130 194 197 133 134 138 77 13 144 80 81 17 82 83 21 85 150 89 153 90 155 93 32 34 165 103 105 169 43 109 113 50 180 183 55 57 188 124 1273.31
40 128 193 130 194 197 133 134 138 77 13 144 80 81 17 82 83 21 85 149 150 153 90 155 93 32 34 165 103 105 169 43 109 113 50 180 183 55 57 188 124 100.26
40 128 193 130 194 197 133 134 138 77 13 144 80 81 17 83 21 85 149 150 153 90 155 93 32 161 34 165 103 105 169 43 109 113 50 180 183 55 57 188 124 40.10
40 128 193 130 194 197 133 134 138 13 144 80 81 17 83 21 85 149 150 153 90 155 93 32 161 34 165 103 105 169 43 109 113 50 180 183 55 57 185 188 124 491.28
40 128 193 130 194 197 133 134 138 13 144 80 81 17 83 20 21 85 149 150 153 90 155 93 32 161 34 165 103 105 169 43 109 113 50 180 55 57 185 188 124 641.67
40 128 193 130 194 197 133 134 138 13 144 80 81 17 83 20 21 85 149 150 22 153 90 155 93 32 161 34 165 103 169 43 109 113 50 180 55 57 185 188 124 320.84
40 128 193 130 194 197 133 134 138 13 144 80 81 17 83 20 21 85 149 150 22 153 90 155 28 93 32 161 34 165 103 169 43 109 113 50 180 55 57 185 124 6735.20
40 128 193 130 194 197 133 134 138 13 144 80 81 17 83 20 21 85 149 150 22 153 90 155 28 93 161 34 165 103 169 43 109 113 50 180 54 55 57 185 124 371.82
40 128 193 130 194 197 133 134 138 13 144 80 81 17 83 20 21 85 149 150 22 153 90 155 28 93 161 34 165 103 169 43 109 113 50 180 54 55 185 58 124 276.21
40 128 193 130 194 197 133 69 134 138 13 144 80 81 17 83 20 21 85 149 150 22 153 90 155 28 93 161 34 165 103 169 43 113 50 180 54 55 185 58 124 180.60
40 128 193 130 194 197 133 69 134 138 13 144 80 81 17 83 20 85 149 150 22 153 90 155 28 93 161 34 165 103 169 106 43 113 50 180 54 55 185 58 124 21.25
40 128 193 130 194 197 133 69 134 138 13 144 80 81 17 83 20 85 149 150 22 153 90 155 28 93 161 34 165 103 169 106 43 113 50 114 180 54 55 185 58 138.10
40 128 193 130 194 197 133 69 134 138 13 144 80 81 17 83 20 85 149 150 22 153 90 155 28 161 34 165 103 169 106 43 113 50 114 180 54 55 185 58 126 584.28
40 128 193 130 194 197 133 69 134 138 13 142 144 80 81 17 83 20 85 149 150 22 153 155 28 161 34 165 103 169 106 43 113 50 114 180 54 55 185 58 126 63.74
40 128 193 130 194 197 133 69 134 138 13 142 144 80 81 17 83 20 149 150 22 153 155 28 161 34 165 103 169 106 170 43 113 50 114 180 54 55 185 58 126 1678.49
40 128 193 130 194 197 133 69 134 138 13 142 144 80 81 17 83 20 149 150 22 153 155 28 161 34 165 103 106 170 43 113 50 114 180 54 55 184 185 58 126 531.17
40 128 193 130 194 197 133 69 5 134 138 13 142 80 81 17 83 20 149 150 22 153 155 28 161 34 165 103 106 170 43 113 50 114 180 54 55 184 185 58 126 127.48
40 128 193 130 194 197 133 69 5 6 138 13 142 80 81 17 83 20 149 150 22 153 155 28 161 34 165 103 106 170 43 113 50 114 180 54 55 184 185 58 126 1646.62
40 128 193 194 197 133 69 5 6 138 13 142 80 81 17 83 20 149 150 22 153 155 28 161 34 165 103 106 170 43 48 113 50 114 180 54 55 184 185 58 126 1219.80
40 128 193 194 197 133 69 5 6 138 13 142 80 81 17 83 149 150 22 153 155 28 161 34 165 103 106 170 43 48 113 50 114 180 52 54 55 184 185 58 126 329.32
40 128 194 197 133 69 5 6 138 13 142 80 81 17 83 149 150 22 153 155 28 161 34 165 103 106 170 43 48 112 113 50 114 180 52 54 55 184 185 58 126 309.79
40 128 194 197 133 69 5 6 138 13 142 80 81 17 145 83 149 150 153 155 28 161 34 165 103 106 170 43 48 112 113 50 114 180 52 54 55 184 185 58 126 261.32
40 128 194 197 133 69 5 6 138 13 142 80 81 17 145 83 149 150 153 155 28 161 34 162 165 103 106 170 43 48 112 113 50 114 180 52 54 184 185 58 126 67.77
40 128 194 197 133 69 5 6 138 13 142 80 81 17 145 83 149 150 153 155 161 34 162 165 103 106 170 43 173 48 112 113 50 114 180 52 54 184 185 58 126 783.95
40 128 194 197 133 69 5 6 138 13 142 80 81 17 145 83 149 150 153 155 161 34 162 165 103 106 170 43 173 48 112 50 114 180 52 54 184 185 58 126 190 1030.75
40 128 194 2 197 133 69 5 6 138 142 80 81 17 145 83 149 150 153 155 161 34 162 165 103 106 170 43 173 48 112 50 114 180 52 54 184 185 58 126 190 29.04
40 128 194 2 197 133 69 5 6 9 138 142 80 81 145 83 149 150 153 155 161 34 162 165 103 106 170 43 173 48 112 50 114 180 52 54 184 185 58 126 190 333.91
40 128 194 2 197 133 69 5 6 9 138 142 14 80 81 145 149 150 153 155 161 34 162 165 103 106 170 43 173 48 112 50 114 180 52 54 184 185 58 126 190 2700.28
40 194 2 197 133 69 5 6 9 138 142 14 80 81 145 149 150 24 153 155 161 34 162 165 103 106 170 43 173 48 112 50 114 180 52 54 184 185 58 126 190 595.22
40 194 2 197 133 69 5 6 9 138 142 14 80 81 145 149 150 86 24 153 155 161 34 162 165 103 106 170 173 48 112 50 114 180 52 54 184 185 58 126 190 88.18
40 194 2 197 133 69 5 6 9 138 142 14 80 81 145 149 150 86 24 153 155 94 161 162 165 103 106 170 173 48 112 50 114 180 52 54 184 185 58 126 190 624.26
40 194 2 197 133 69 5 6 9 138 142 14 80 81 145 149 150 86 24 153 155 94 162 100 165 103 106 170 173 48 112 50 114 180 52 54 184 185 58 126 190 43.55
40 194 2 197 133 69 5 6 9 138 142 14 80 81 145 149 150 86 24 153 155 94 162 100 165 103 106 170 173 110 48 112 50 114 180 52 54 184 58 126 190 827.72
40 194 2 197 133 69 5 6 9 138 142 14 80 81 145 149 150 86 24 153 155 94 162 100 165 103 106 170 173 110 48 112 50 114 180 52 118 184 58 126 190 96.81
40 194 2 197 133 69 5 6 9 138 142 14 80 81 145 149 150 86 24 152 153 155 94 162 100 165 103 106 170 173 110 48 112 50 114 180 52 118 184 126 190 130.66
40 194 2 197 133 69 5 6 9 138 142 14 80 81 145 150 86 24 152 153 155 157 94 162 100 165 103 106 170 173 110 48 112 50 114 180 52 118 184 126 190 43.55
40 194 2 197 69 5 6 9 138 142 14 80 81 145 150 86 24 152 153 155 157 94 162 100 165 103 106 170 173 110 174 48 112 50 114 180 52 118 184 126 190 529.08
40 194 2 197 69 5 6 9 138 142 14 80 81 145 150 86 24 152 153 155 157 94 162 100 165 103 106 170 173 110 174 48 112 177 114 180 52 118 184 126 190 159.74
40 194 2 197 69 5 6 198 9 138 142 14 80 81 145 150 86 24 152 153 155 157 94 162 100 165 103 106 170 173 110 174 48 112 177 114 180 52 118 184 190 363.04
39 194 2 197 69 5 6 198 9 138 142 14 80 81 145 150 86 24 152 153 155 157 94 162 100 165 103 106 170 173 110 174 48 112 177 180 52 118 184 190 348.51
38 194 2 197 69 5 6 198 9 138 142 14 80 81 145 150 86 24 152 153 155 157 94 162 100 165 103 170 173 110 174 48 112 177 180 52 118 184 190 1147.19
37 194 2 197 69 5 6 198 9 138 142 14 80 81 145 150 86 24 152 153 155 157 94 162 100 165 103 173 110 174 48 112 177 180 52 118 184 190 164.58
35 194 2 197 5 6 198 9 138 14 80 81 145 150 86 24 152 153 155 157 94 162 100 165 103 173 110 174 48 112 177 180 52 118 184 190 155.26
34 194 197 5 6 198 9 138 14 80 81 145 150 86 24 152 153 155 157 94 162 100 165 103 173 110 174 48 112 177 180 52 118 184 190 29.11
33 194 197 5 6 198 138 14 80 81 145 150 86 24 152 153 155 157 94 162 100 165 103 173 110 174 48 112 177 180 52 118 184 190 329.93
32 194 197 5 6 198 138 80 81 145 150 86 24 152 153 155 157 94 162 100 165 103 173 110 174 48 112 177 180 52 118 184 190 116.17
31 194 197 5 6 198 138 80 81 145 150 86 24 152 153 155 157 94 162 100 165 103 173 110 174 48 112 177 180 52 118 190 2452.63
30 194 197 5 6 198 138 80 81 145 150 86 24 152 153 155 157 162 100 165 103 173 110 174 48 112 177 180 52 118 190 109.17
29 194 197 5 6 198 138 80 81 145 150 86 152 153 155 157 162 100 165 103 173 110 174 48 112 177 180 52 118 190 356.61
27 194 197 5 6 198 138 80 81 145 150 86 152 153 155 157 162 165 103 173 174 48 112 177 180 52 118 190 87.33
26 194 197 5 6 198 138 80 81 145 150 152 153 155 157 162 165 103 173 174 48 112 177 180 52 118 190 451.23
25 194 197 5 6 198 138 80 81 145 150 152 153 155 157 162 165 103 173 174 48 112 177 180 52 190 269.28
23 194 162 197 5 165 6 198 103 138 173 80 48 112 81 145 177 180 52 150 152 153 155 190 314.40
22 194 162 197 5 165 6 198 103 138 173 80 48 112 81 145 180 52 150 152 153 155 190 104.80
21 194 162 197 5 165 6 198 103 138 173 80 48 112 81 145 180 52 150 153 155 190 506.54
20 194 162 197 5 165 6 103 138 173 80 48 112 81 145 180 52 150 153 155 190 145.50
19 194 162 197 5 165 6 138 173 80 48 112 81 145 180 52 150 153 155 190 335.09
18 194 162 197 5 165 6 138 173 48 112 81 145 180 52 150 153 155 190 1150.76
17 194 162 197 5 165 6 138 173 48 112 81 145 180 52 153 155 190 132.27
16 194 162 197 5 165 6 138 173 48 112 145 180 52 153 155 190 246.17
15 194 162 197 5 165 6 173 48 112 145 180 52 153 155 190 209.43
14 194 162 197 5 165 6 173 48 112 145 180 52 155 190 670.80
13 194 162 197 5 165 6 173 48 112 145 180 52 190 160.62
12 48 112 145 194 162 52 197 5 165 6 173 190 176.36
11 48 112 145 194 162 52 197 5 6 173 190 177.83
10 48 112 145 194 162 52 197 5 173 190 52.38
9 48 112 145 194 162 52 197 173 190 272.48
8 112 145 194 162 52 197 173 190 208.18
7 112 145 194 162 197 173 190 133.03
6 145 194 162 197 173 190 97.57
5 194 162 197 173 190 2.20
4 194 162 173 190 2.00
4 0 162 173 190 30.22
3 0 162 173 4.00
2 0 162 4.00
1 0 4001.00
123820.71
1200_QR 1000_QR 200_SUM 55_COPY 35_XPY 650_SUM 650_SUM 10_COPY 25_COPY 200_SUM 10_COPY 35_XPY 20_XPY 500_SUM 200_SUM 65_XPY 40_COPY 500_SUM 25_COPY 1100_QR 350_SUM 1200_QR 350_SUM 10_COPY 200_SUM 1000_QR 55_COPY 20_XPY 350_SUM 65_XPY 1100_QR 20_XPY 1200_QR 55_COPY 1300_QR 55_COPY 50_XPY 35_XPY 65_XPY 35_XPY 1000_QR 20_XPY 1100_QR 1300_QR 65_XPY 65_XPY 10_COPY 1100_QR 650_SUM 25_COPY 1300_QR 55_COPY 650_SUM 25_COPY 350_SUM 500_SUM 65_XPY 1200_QR 350_SUM 35_XPY 10_COPY 40_COPY 25_COPY 20_XPY 55_COPY 25_COPY 50_XPY 40_COPY 20_XPY 350_SUM 1000_QR 55_COPY 20_XPY 55_COPY 20_XPY 65_XPY 65_XPY 1100_QR 10_COPY 50_XPY 1300_QR 1300_QR 1100_QR 500_SUM 35_XPY 1200_QR 200_SUM 50_XPY 50_XPY 1100_QR 1200_QR 1000_QR 35_XPY 1200_QR 200_SUM 35_XPY 35_XPY 35_XPY 1000_QR 65_XPY 200_SUM 35_XPY 50_XPY 1300_QR 20_XPY 1100_QR 350_SUM 20_XPY 10_COPY 1200_QR 200_SUM 50_XPY 650_SUM 500_SUM 350_SUM 35_XPY 50_XPY 1100_QR 200_SUM 1000_QR 25_COPY 40_COPY 25_COPY 50_XPY 1200_QR 10_COPY 350_SUM 35_XPY 500_SUM 1000_QR 1200_QR 1000_QR 10_COPY 500_SUM 1200_QR 1000_QR 20_XPY 55_COPY 1300_QR 20_XPY 65_XPY 10_COPY 350_SUM 20_XPY 1200_QR 650_SUM 25_COPY 55_COPY 65_XPY 500_SUM 1300_QR 40_COPY 200_SUM 1300_QR 1000_QR 1300_QR 65_XPY 200_SUM 40_COPY 50_XPY 10_COPY 500_SUM 650_SUM 35_XPY 1000_QR 1300_QR 10_COPY 10_COPY 20_XPY 1200_QR 350_SUM 25_COPY 55_COPY 650_SUM 200_SUM 1000_QR 35_XPY 200_SUM 25_COPY 20_XPY 1300_QR 55_COPY 25_COPY 1100_QR 350_SUM 500_SUM 65_XPY 1000_QR 1100_QR 40_COPY 650_SUM 20_XPY 40_COPY 1200_QR 1300_QR 1000_QR 1000_QR 1300_QR 200_SUM 55_COPY 