147
3 119 126 81 1341.00
40 64 1 131 198 199 137 74 139 12 141 16 144 81 82 146 85 86 26 90 27 156 92 158 165 169 106 47 112 180 181 54 184 56 57 186 124 60 125 126 191 6877.32
40 64 1 4 199 139 141 78 16 144 80 81 82 146 85 26 90 27 156 92 29 158 165 169 41 106 112 180 181 184 56 120 57 186 58 122 124 60 126 191 127 5590.78
40 192 1 2 3 4 199 8 139 13 78 16 144 80 81 147 85 90 27 92 29 157 158 165 169 41 106 112 180 181 184 56 120 57 58 122 124 60 126 191 127 160.42
40 192 1 2 3 4 199 8 139 13 78 16 144 80 81 147 85 90 27 92 29 157 158 34 165 169 41 106 112 180 181 184 56 120 57 58 122 124 60 191 127 2596.87
40 192 1 2 3 4 199 8 139 13 78 16 144 80 81 147 85 90 27 92 29 157 158 34 40 169 41 106 42 112 176 56 120 57 58 122 124 60 188 191 127 3435.77
40 192 1 2 3 4 133 199 8 139 13 78 16 144 80 81 147 92 29 157 34 102 40 104 169 41 106 42 112 176 177 56 120 57 58 122 124 60 188 191 127 851.33
40 192 1 2 194 3 4 133 199 8 139 13 78 16 144 80 81 147 92 29 157 102 40 104 169 41 106 42 112 176 177 56 120 57 58 122 124 60 188 191 127 1209.80
40 192 1 2 194 3 4 133 199 8 10 13 78 16 144 80 81 147 92 29 157 102 40 104 169 41 106 42 112 176 177 56 120 57 58 122 124 60 188 191 127 708.62
40 192 1 2 194 3 67 4 133 199 8 10 13 78 144 80 81 147 22 29 157 102 40 104 168 169 41 106 42 176 177 179 52 120 57 58 122 60 188 191 127 682.09
40 192 1 2 194 3 67 4 133 199 8 10 13 78 144 80 81 147 22 29 157 102 38 40 104 168 169 41 106 42 177 179 51 52 120 57 58 122 60 191 127 5273.37
40 192 1 194 67 4 133 199 8 10 78 15 144 80 81 147 21 22 29 157 101 102 38 40 104 168 169 41 106 42 177 179 51 52 120 57 58 122 60 191 127 318.43
40 192 1 194 67 4 133 199 8 10 78 15 144 80 81 147 21 22 29 157 101 102 38 104 168 169 41 106 111 177 114 179 51 52 120 57 58 122 60 191 127 1241.88
40 192 1 194 67 4 133 199 8 10 78 15 144 80 147 21 22 29 157 36 101 102 38 104 168 169 41 106 111 177 114 179 51 52 120 57 58 122 60 191 127 2202.90
40 192 1 194 67 4 199 8 10 78 15 144 80 147 21 22 154 29 157 36 101 102 38 104 168 169 41 106 111 177 114 179 51 52 120 57 58 122 60 191 127 3882.45
40 192 1 194 66 67 4 199 10 78 15 144 80 147 21 22 154 29 36 101 102 38 104 168 169 41 106 111 177 114 179 51 52 120 57 58 122 123 60 191 127 794.92
40 192 1 194 66 67 4 199 10 78 15 144 80 147 21 22 154 29 101 102 38 104 168 169 41 106 111 177 114 179 51 52 183 120 57 58 122 123 60 191 127 1522.85
40 192 1 194 66 67 195 4 199 10 78 15 144 80 147 21 22 154 29 162 101 38 168 169 41 106 111 114 179 51 52 183 120 57 58 122 123 60 191 127 63 682.09
40 192 1 194 66 67 195 4 199 10 78 15 144 80 147 20 21 22 29 162 101 38 168 169 41 106 111 114 179 51 52 183 120 57 58 122 123 60 191 127 63 170.99
40 192 1 66 67 195 4 199 10 78 15 144 80 147 20 21 22 29 33 162 101 38 168 169 41 106 111 114 179 51 52 183 120 57 58 122 123 60 191 127 63 1768.95
40 192 1 66 67 195 4 199 73 10 78 15 144 80 147 20 21 22 29 33 162 101 38 168 169 41 106 111 114 179 51 52 183 120 57 58 122 123 60 127 63 1711.89
40 192 1 66 67 195 4 199 73 10 78 15 144 80 147 20 21 22 29 30 33 162 101 38 168 169 41 106 111 114 179 51 52 183 120 57 58 122 123 127 63 3927.15
40 192 1 66 67 195 4 132 199 73 78 15 144 80 147 20 21 22 29 30 33 162 101 38 168 169 41 106 111 114 179 51 52 183 120 57 58 122 123 127 63 708.62
40 192 1 66 195 4 132 199 73 11 78 15 144 80 147 20 21 22 25 29 30 33 162 101 38 169 41 106 111 114 178 51 183 120 57 185 58 122 123 127 63 608.67
40 192 1 66 195 4 132 199 73 11 78 15 144 80 147 20 21 22 25 29 30 33 162 35 101 38 169 41 106 111 114 178 51 183 120 185 58 122 123 127 63 351.89
40 192 66 195 4 132 69 73 11 78 15 80 147 20 21 22 87 25 89 29 30 33 162 35 101 38 41 44 111 114 178 50 51 183 120 185 58 122 123 127 63 2680.43
40 192 66 195 4 132 69 73 11 78 80 147 20 149 22 87 25 89 29 30 33 162 35 100 38 41 44 111 175 114 178 50 51 183 120 185 58 122 123 127 63 314.97
40 192 66 195 4 132 69 73 11 78 80 147 20 149 22 87 25 89 28 29 30 33 162 35 100 38 41 44 46 175 178 50 51 183 120 185 58 122 123 127 63 3451.80
40 192 195 4 132 69 71 73 11 77 78 80 147 20 149 22 87 25 89 28 29 30 33 162 35 100 38 41 44 46 175 178 50 51 183 120 185 58 122 127 63 790.82
40 192 195 4 132 69 71 73 11 77 78 80 147 20 149 22 87 25 89 28 29 30 95 33 162 35 100 38 41 44 46 175 178 50 51 120 185 58 122 127 63 1357.28
40 192 195 4 132 69 71 73 11 77 78 80 147 20 149 22 87 25 89 28 29 30 95 33 162 35 100 38 41 44 109 46 175 178 50 51 120 185 58 122 63 684.98
40 192 195 4 132 69 71 73 11 77 78 80 147 20 149 22 87 25 89 28 29 30 95 33 162 35 100 38 41 44 109 46 110 175 178 50 51 120 185 58 63 390.06
40 192 195 4 132 69 71 73 11 77 78 80 147 20 149 22 87 25 89 153 28 29 30 95 160 33 162 35 100 38 41 44 109 46 110 175 178 50 51 185 63 2730.65
40 192 195 4 132 69 71 73 11 77 78 80 147 19 20 149 22 87 25 89 153 29 30 95 160 33 162 35 100 38 41 44 109 110 175 178 50 51 182 185 63 494.71
40 192 195 4 132 69 71 73 11 77 78 79 80 147 19 83 20 149 22 87 25 89 153 30 95 160 33 162 35 100 38 44 109 110 175 178 50 51 182 185 63 485.20
40 192 195 4 132 69 71 73 11 77 79 147 19 83 20 149 22 87 25 89 153 91 30 95 160 33 162 35 99 100 38 44 109 110 175 178 50 51 182 185 63 581.62
40 192 195 4 132 69 71 73 11 77 79 147 19 83 20 149 22 87 89 153 91 30 95 160 33 162 35 99 100 38 44 108 109 110 175 178 50 51 182 185 63 38.05
40 192 195 132 69 134 71 73 11 77 79 147 19 83 20 149 22 87 89 153 91 30 95 160 33 162 35 99 100 38 44 108 109 110 175 178 50 51 182 185 63 513.77
40 192 195 132 69 134 71 136 73 77 79 147 19 83 20 149 22 87 89 153 91 30 95 160 33 162 35 99 100 38 44 108 109 110 175 178 50 51 182 185 63 96.94
40 192 195 132 69 134 71 136 73 140 77 79 147 19 83 20 149 22 87 89 153 91 30 95 160 33 162 99 100 38 44 108 109 110 175 178 50 51 182 185 63 316.66
40 192 195 132 69 134 71 136 73 140 77 79 147 19 83 20 149 22 150 87 89 153 91 30 95 159 160 33 162 99 100 38 108 109 110 175 178 51 182 185 63 48.68
40 192 132 69 134 71 136 73 140 77 79 147 19 83 20 149 22 150 87 89 153 91 30 95 159 160 33 99 163 100 38 108 172 109 110 175 178 51 182 185 187 416.83
40 192 132 69 134 71 136 73 140 77 79 147 19 83 20 149 22 150 87 153 91 30 95 159 160 33 99 163 100 38 108 172 109 110 175 178 51 182 185 187 190 319.89
40 192 132 69 134 71 136 73 140 77 14 79 147 19 83 20 149 22 150 153 91 30 95 159 160 33 99 163 100 38 108 172 109 110 175 178 51 182 185 187 190 242.34
40 192 132 134 71 136 73 140 77 14 79 17 147 19 83 20 149 22 150 153 91 30 95 159 160 33 99 163 100 38 108 172 109 110 175 178 51 182 185 187 190 396.70
40 192 132 134 136 73 140 14 79 17 147 19 83 20 149 22 150 153 91 30 95 159 160 33 99 163 100 38 43 108 172 109 110 175 48 178 51 182 185 187 190 813.24
40 192 132 134 136 73 140 14 79 17 147 19 83 20 149 22 150 153 91 30 159 160 33 99 163 100 38 43 108 172 109 110 175 48 178 51 53 182 185 187 190 1715.74
40 192 132 134 136 73 140 14 79 17 147 19 83 20 84 149 22 150 153 91 30 159 160 33 99 163 100 38 43 108 172 110 175 48 178 51 53 182 185 187 190 67.86
40 192 132 134 136 73 140 14 79 17 147 19 83 20 84 149 22 150 153 91 30 159 160 33 97 99 163 100 38 43 108 172 110 48 178 51 53 182 185 187 190 184.18
40 192 132 134 136 73 140 14 79 17 147 19 83 20 84 149 22 150 153 91 30 159 160 33 97 99 163 38 105 43 108 172 110 48 178 51 53 182 185 187 190 620.40
40 192 132 134 136 73 140 14 79 143 17 147 19 83 20 84 22 150 153 91 30 159 160 33 97 99 163 38 105 43 108 172 110 48 178 51 53 182 185 187 190 168.60
40 192 132 134 136 73 140 14 79 143 17 147 19 83 20 84 22 150 153 91 30 159 160 33 97 99 163 38 105 170 43 108 172 48 178 51 53 182 185 187 190 773.57
40 192 132 134 136 73 140 14 79 143 17 147 19 83 20 84 22 150 153 91 30 159 33 97 99 163 38 105 170 43 108 172 48 178 51 53 182 185 187 189 190 277.69
40 192 193 132 134 136 73 140 14 79 143 17 147 19 83 20 84 22 150 91 30 159 33 97 99 163 38 105 170 43 108 172 48 178 51 53 182 185 187 189 190 846.71
40 192 193 132 134 136 73 140 14 79 143 17 19 83 20 84 22 150 23 91 30 159 33 97 99 163 38 105 170 43 108 172 48 178 51 53 182 185 187 189 190 2370.31
40 192 193 132 134 136 73 140 14 79 143 17 19 83 20 84 22 150 23 91 30 159 33 97 99 163 38 39 105 170 43 108 172 48 178 51 53 185 187 189 190 1645.86
40 193 132 134 136 73 140 14 79 143 17 19 83 20 84 22 150 23 91 30 159 33 97 99 163 38 39 105 170 43 108 172 48 178 51 53 55 185 187 189 190 935.26
40 193 134 136 73 140 14 79 143 17 19 83 20 84 22 150 23 91 30 159 33 97 99 163 38 39 105 170 43 108 172 48 178 51 53 55 185 121 187 189 190 867.77
40 193 130 134 136 73 140 14 79 143 17 19 83 20 84 22 150 23 91 30 159 33 97 99 163 164 38 39 105 170 43 108 172 48 51 53 55 121 187 189 190 7296.97
40 193 130 134 7 136 73 140 14 79 143 17 19 83 20 84 150 23 91 30 159 33 97 99 163 164 38 39 105 170 43 108 172 48 51 53 55 121 187 189 190 837.20
40 193 130 134 7 136 73 75 140 14 79 143 17 19 83 20 84 150 23 91 30 159 33 97 99 163 164 39 105 170 43 108 172 48 53 55 121 187 189 190 62 1704.44
40 193 130 134 7 136 73 75 140 14 79 143 17 19 83 20 84 150 23 91 30 94 159 33 97 99 163 164 39 105 170 43 108 172 48 53 55 121 189 190 62 200.52
40 193 130 134 7 136 73 75 140 14 79 143 17 19 83 20 84 150 23 91 30 94 159 33 97 99 163 164 39 103 105 170 43 108 172 48 53 55 121 189 62 1955.09
40 193 130 134 7 136 73 75 140 14 79 143 17 19 83 20 84 150 23 91 30 94 159 33 97 99 163 164 39 103 105 170 43 107 172 48 53 55 121 189 62 20.05
40 193 130 134 7 136 73 75 140 14 79 143 17 19 83 20 84 150 23 91 30 94 159 33 97 163 164 39 103 105 170 43 107 172 48 53 118 55 121 189 62 1473.84
40 128 193 130 134 7 135 136 73 75 140 14 79 143 17 83 20 84 150 23 91 30 94 159 33 97 163 164 39 103 105 170 43 107 48 53 118 55 121 189 62 370.97
40 128 193 130 134 7 135 136 73 75 140 14 79 143 17 20 84 148 150 23 91 30 94 159 33 97 163 164 39 103 105 170 43 107 48 53 118 55 121 189 62 60.16
40 128 193 130 134 7 135 136 73 75 140 14 79 143 17 20 84 148 150 23 91 30 94 159 33 97 164 39 103 105 170 43 107 173 48 53 118 55 121 189 62 100.26
40 128 193 130 197 134 7 135 136 73 75 140 14 79 143 17 20 84 148 150 23 30 94 159 33 97 164 39 103 105 170 43 107 173 48 53 118 55 121 189 62 310.81
40 128 193 130 197 134 7 135 136 73 75 140 14 143 17 18 20 84 148 150 23 30 94 159 33 97 164 39 103 105 170 43 107 173 48 53 118 55 121 189 62 802.09
40 128 193 130 197 134 7 135 136 73 75 140 14 143 17 18 20 84 148 150 23 30 94 32 33 97 164 39 103 105 170 43 107 173 48 53 118 55 121 189 62 1283.34
40 128 193 130 197 7 135 136 73 75 140 14 143 17 18 20 84 148 150 23 30 94 32 33 97 164 39 103 105 170 43 107 173 48 53 118 55 121 189 61 62 275.80
40 128 193 65 130 197 7 135 136 73 75 140 14 143 17 18 84 148 150 23 30 94 32 33 97 164 39 103 105 170 43 107 173 48 53 118 55 121 189 61 62 50.13
40 128 193 65 130 197 7 135 136 72 73 75 140 14 143 17 18 84 148 23 30 94 32 33 97 164 39 103 105 170 43 107 173 48 53 118 55 121 189 61 62 114.13
40 128 193 65 130 197 7 135 136 72 73 75 140 14 143 17 18 84 148 23 88 30 94 32 97 164 39 103 105 170 43 107 173 48 53 118 55 121 189 61 62 290.76
40 128 193 65 130 197 7 135 72 73 75 140 14 143 17 18 84 148 23 88 93 30 94 32 97 164 39 103 105 170 43 107 173 48 53 118 55 121 189 61 62 50.13
40 128 193 65 130 197 7 135 72 73 75 14 143 17 18 84 148 23 88 93 30 94 32 97 164 39 103 105 170 43 107 173 48 115 53 118 55 121 189 61 62 1426.58
40 128 193 65 130 197 7 135 72 75 14 143 17 18 84 148 23 88 93 30 94 32 97 164 39 103 105 170 43 107 173 48 115 116 53 118 55 121 189 61 62 499.30
40 128 193 65 130 197 7 135 72 75 14 143 17 145 18 84 148 23 88 93 30 94 32 97 164 39 103 105 170 43 107 173 115 116 53 118 55 121 189 61 62 53.12
40 128 193 65 130 197 7 135 72 75 14 143 17 145 18 84 148 23 88 93 30 94 32 97 164 166 39 103 105 170 107 173 115 116 53 118 55 121 189 61 62 382.44
40 128 193 65 130 197 7 135 72 75 14 143 145 18 84 148 23 88 93 30 94 32 97 164 166 39 103 105 170 107 171 173 115 116 53 118 55 121 189 61 62 626.78
40 128 193 65 130 197 5 7 135 72 75 14 143 145 18 84 148 23 88 93 30 94 32 97 164 166 39 103 105 170 107 171 173 115 116 118 55 121 189 61 62 106.23
40 128 193 65 130 197 5 6 7 135 72 75 143 145 18 84 148 23 88 93 30 94 32 97 164 166 39 103 105 170 107 171 173 115 116 118 55 121 189 61 62 2995.78
40 128 193 65 130 197 5 6 7 135 72 75 143 145 18 84 148 23 88 24 93 30 94 32 164 166 39 103 105 170 107 171 173 115 116 118 55 121 189 61 62 276.21
40 128 193 65 130 197 5 6 7 135 72 75 143 145 18 84 148 23 88 24 93 30 94 31 32 164 166 39 103 170 107 171 173 115 116 118 55 121 189 61 62 371.82
40 128 193 65 130 197 5 6 7 135 72 75 143 145 18 148 23 88 24 93 30 94 31 32 164 166 39 103 170 107 171 173 45 115 116 118 55 121 189 61 62 605.53
40 128 193 65 130 197 5 6 7 135 72 75 143 145 18 148 23 88 24 93 30 94 31 32 164 166 39 103 107 171 173 45 49 115 116 118 55 121 189 61 62 520.54
40 128 193 65 130 197 5 6 7 135 72 75 143 145 18 148 23 88 24 93 30 94 31 32 164 166 39 103 107 171 173 45 49 115 116 118 55 121 59 61 62 1157.95
40 128 193 65 130 197 5 6 7 135 72 75 76 145 18 148 23 88 24 93 30 94 31 32 164 166 39 103 107 171 173 45 49 115 116 118 55 121 59 61 62 2691.31
40 128 193 65 130 197 5 6 7 135 72 75 76 145 148 23 88 24 93 30 94 31 32 96 164 166 39 103 107 171 173 45 49 115 116 118 55 121 59 61 62 84.99
40 128 65 130 197 5 6 7 135 72 75 76 145 148 23 88 24 93 30 94 31 32 96 98 164 166 39 103 107 171 173 45 49 115 116 118 55 121 59 61 62 716.39
40 128 65 130 197 5 6 7 135 72 75 76 145 148 23 151 88 24 93 30 94 31 96 98 164 166 39 103 107 171 173 45 49 115 116 118 55 121 59 61 62 609.74
40 128 65 130 197 5 6 7 135 72 75 76 145 148 23 151 88 24 93 30 94 31 96 161 98 164 166 39 103 107 171 173 45 49 115 116 118 55 121 59 61 677.67
40 128 65 130 197 5 6 7 135 72 9 75 76 145 148 23 151 88 24 93 30 94 31 96 161 98 164 166 39 103 107 171 173 45 49 115 116 118 55 121 59 425.96
40 128 65 130 197 5 6 7 135 72 9 75 76 145 148 23 151 24 93 30 94 31 96 161 98 164 37 166 39 103 107 171 173 45 49 115 116 118 55 121 59 290.43
40 128 65 130 68 197 5 6 7 135 72 9 75 76 145 148 23 151 24 30 94 31 96 161 98 164 37 166 39 103 107 171 173 45 49 115 116 118 55 121 59 58.09
40 128 65 130 68 197 5 6 7 135 72 9 75 76 145 148 23 151 24 30 94 31 96 161 98 164 37 166 39 103 107 171 173 45 49 113 116 118 55 121 59 87.13
40 128 65 130 68 197 5 6 7 135 9 75 76 145 148 23 151 24 30 94 31 96 161 98 164 37 166 39 103 107 171 173 45 49 113 116 117 118 55 121 59 595.38
40 128 130 68 197 5 6 7 135 9 138 75 76 145 148 23 151 24 30 94 31 96 161 98 164 37 166 39 103 107 171 173 45 49 113 116 117 118 55 121 59 130.66
40 128 130 68 197 5 6 135 9 138 75 76 142 145 148 23 151 24 30 94 31 96 161 98 164 37 166 39 103 107 171 173 45 49 113 116 117 118 55 121 59 619.58
40 128 130 68 197 5 6 135 9 138 75 76 142 145 148 23 151 24 155 30 94 31 96 161 98 164 37 166 39 103 107 171 173 45 49 113 117 118 55 121 59 145.18
40 128 130 68 197 5 6 135 9 138 76 142 145 148 23 151 24 155 30 94 31 96 161 98 164 37 166 39 103 167 107 171 173 45 49 113 117 118 55 121 59 1016.24
40 128 130 68 197 5 6 135 9 138 76 142 145 148 23 151 24 155 30 31 96 161 98 164 37 166 39 103 167 107 171 173 45 174 49 113 117 118 55 121 59 72.61
40 128 130 68 196 197 5 6 135 9 138 76 142 145 148 23 151 24 155 30 31 96 161 98 164 37 39 103 167 107 171 173 45 174 49 113 117 118 55 121 59 87.11
39 128 130 68 196 197 5 6 135 9 138 76 142 145 148 23 151 24 155 30 31 96 161 98 164 37 39 167 107 171 173 45 174 49 113 117 118 55 121 59 145.21
38 128 130 68 196 197 5 6 135 9 138 76 142 148 23 151 24 155 30 31 96 161 98 164 37 39 167 107 171 173 45 174 49 113 117 118 55 121 59 183.94
37 128 130 68 196 197 5 6 135 9 138 76 142 148 23 151 24 155 30 31 96 161 98 164 37 39 167 107 173 45 174 49 113 117 118 55 121 59 1258.20
36 128 130 68 196 197 5 6 135 9 138 76 142 148 23 151 24 155 30 31 96 161 98 164 37 39 167 107 173 45 174 49 113 117 55 121 59 358.10
35 128 130 68 196 197 5 6 135 9 138 76 142 148 23 151 24 155 30 31 96 161 98 164 37 39 167 173 45 174 49 113 117 55 121 59 1189.21
34 128 130 68 196 197 5 6 135 9 138 76 142 148 23 151 24 155 31 96 161 98 164 37 39 167 173 45 174 49 113 117 55 121 59 532.31
33 128 130 68 196 197 5 6 135 9 138 76 142 148 23 151 24 155 31 96 161 98 164 37 39 167 45 174 49 113 117 55 121 59 1232.38
32 128 130 68 196 197 5 6 135 138 76 142 148 23 151 24 155 31 96 161 98 164 37 39 167 45 174 49 113 117 55 121 59 312.95
31 128 130 68 196 197 5 6 135 138 76 142 148 23 151 24 155 31 96 161 98 164 37 39 167 45 174 49 113 55 121 59 80.06
30 128 130 68 196 197 5 6 135 138 76 142 148 23 151 24 155 31 96 161 98 164 39 167 45 174 49 113 55 121 59 29.04
29 128 130 68 196 197 5 6 138 76 142 148 23 151 24 155 31 96 161 98 164 39 167 45 174 49 113 55 121 59 135.50
28 128 130 68 196 197 5 6 138 76 142 23 151 24 155 31 96 161 98 164 39 167 45 174 49 113 55 121 59 14.56
27 128 130 68 196 197 5 6 138 76 142 23 151 24 155 31 96 161 98 164 39 167 45 174 49 55 121 59 65.50
26 128 130 196 197 5 6 138 76 142 23 151 24 155 31 96 161 98 164 39 167 45 174 49 55 121 59 174.21
25 130 196 197 5 6 138 76 142 23 151 24 155 31 96 161 98 164 39 167 45 174 49 55 121 59 77.16
24 96 161 130 98 196 164 197 5 6 39 167 138 76 45 142 174 49 151 55 24 121 155 59 31 101.62
23 96 161 130 98 196 164 5 6 39 167 138 76 45 142 174 49 151 55 24 121 155 59 31 122.27
22 96 161 130 98 196 164 5 6 39 167 76 45 142 174 49 151 55 24 121 155 59 31 75.69
21 96 161 130 98 196 164 5 6 39 167 76 45 174 49 151 55 24 121 155 59 31 366.80
20 96 161 130 98 196 164 5 6 39 167 76 45 174 49 151 55 24 121 59 31 46.58
19 96 161 130 98 196 164 5 6 39 76 45 174 49 151 55 24 121 59 31 485.19
18 96 161 130 98 196 164 5 6 39 76 45 49 151 55 24 121 59 31 121.30
17 96 161 130 98 164 5 6 39 76 45 49 151 55 24 121 59 31 91.86
16 96 161 130 98 164 5 6 76 45 49 151 55 24 121 59 31 543.78
15 96 161 130 98 164 5 6 76 45 49 151 24 121 59 31 462.95
14 96 161 130 98 164 5 6 76 45 49 151 24 59 31 645.61
13 96 161 130 98 5 6 76 45 49 151 24 59 31 119.67
12 96 161 49 98 5 6 151 24 59 76 45 31 316.46
11 96 161 49 98 5 151 24 59 76 45 31 100.23
10 96 161 49 98 151 24 59 76 45 31 640.20
9 96 161 49 98 151 24 59 76 45 34.39
8 96 161 49 98 151 59 76 45 188.03
7 96 161 49 98 151 59 76 102.82
6 96 161 49 98 151 76 53.06
6 96 161 129 98 151 76 273.88
5 96 161 129 98 151 451.05
4 96 161 129 151 29.10
4 0 161 129 151 18.32
4 0 161 129 70 131.49
3 0 129 70 226.00
2 0 70 1794.00
1 0 5542.00
1 152 7711.00
137371.71
55_COPY 40_COPY 1000_QR 1000_QR 55_COPY 650_SUM 650_SUM 500_SUM 25_COPY 200_SUM 65_XPY 1000_QR 20_XPY 1000_QR 1200_QR 25_COPY 65_XPY 1200_QR 350_SUM 1100_QR 40_COPY 25_COPY 55_COPY 1300_QR 650_SUM 1000_QR 35_XPY 50_XPY 10_COPY 55_COPY 55_COPY 650_SUM 350_SUM 40_COPY 20_XPY 1000_QR 20_XPY 200_SUM 55_COPY 1300_QR 35_XPY 55_COPY 35_XPY 1200_QR 1000_QR 650_SUM 10_COPY 20_XPY 1200_QR 650_SUM 1000_QR 55_COPY 65_XPY 1200_QR 20_XPY 1300_QR 65_XPY 40_COPY 55_COPY 650_SUM 40_COPY 350_SUM 500_SUM 65_XPY 35_XPY 350_SUM 50_XPY 65_XPY 200_SUM 1000_QR 500_SUM 10_COPY 350_SUM 40_COPY 20_XPY 500_SUM 650_SUM 10_COPY 55_COPY 1100_QR 55_COPY 1300_QR 35_XPY 1100_QR 1200_QR 50_XPY 20_XPY 1000_QR 350_SUM 1000_QR 50_XPY 1100_QR 65_XPY 350_SUM 500_SUM 10_COPY 650_SUM 1200_QR 650_SUM 1100_QR 1000_QR 25_COPY 50_XPY 500_SUM 50_XPY 1200_QR 40_COPY 500_SUM 1100_QR 10_COPY 10_COPY 25_COPY 65_XPY 200_SUM 25_COPY 350_SUM 350_SUM 200_SUM 500_SUM 20_XPY 55_COPY 1300_QR 55_COPY 50_XPY 65_XPY 20_XPY 1100_QR 55_COPY 500_SUM 200_SUM 1300_QR 20_XPY 25_COPY 35_XPY 1100_QR 500_SUM 1100_QR 20_XPY 200_SUM 500_SUM 1100_QR 35_XPY 200_SUM 1200_QR 40_COPY 350_SUM 35_XPY 55_COPY 500_SUM 1000_QR 1100_QR 650_SUM 55_COPY 10_COPY 20_XPY 200_SUM 35_XPY 25_COPY 50_XPY 1100_QR 10_COPY 650_SUM 65_XPY 1100_QR 1300_QR 50_XPY 350_SUM 200_SUM 65_XPY 40_COPY 1200_QR 350_SUM 1100_QR 500_SUM 200_SUM 1000_QR 20_XPY 50_XPY 25_COPY 65_XPY 50_XPY 50_XPY 10_COPY 50_XPY 50_XPY 25_COPY 35_XPY 1100_QR 20_XPY 1200_QR 1100_QR 40_COPY 55_COPY 1200_QR 50_XPY 65_XPY 200_SUM 500_SUM 20_XPY 40_COPY 