97
12 33 20 9 35 79 74 34 81 68 24 2 96 4827.58
11 96 33 81 34 2 35 20 68 9 74 79 672.10
14 96 33 2 35 68 72 9 81 20 56 57 60 93 94 721.76
15 96 2 35 68 37 72 9 81 20 56 57 90 60 93 94 2151.31
16 96 2 68 37 72 9 14 81 20 22 56 57 90 60 93 94 1409.27
15 96 68 37 72 9 14 81 20 22 56 57 90 60 93 94 199.54
16 68 37 72 9 12 14 78 81 20 22 56 57 90 60 93 94 1611.71
17 68 37 38 72 9 12 14 78 20 22 56 57 90 60 93 94 63 846.58
18 68 37 38 72 9 12 14 78 50 20 22 56 57 90 27 93 94 63 840.12
17 68 37 38 72 9 12 14 78 50 20 22 56 57 27 93 94 63 530.11
18 68 37 38 7 72 9 12 14 78 16 50 20 22 56 57 27 94 63 1385.00
19 67 68 37 38 7 72 9 73 12 78 16 50 20 22 56 57 27 94 63 433.56
20 67 37 38 7 72 9 73 41 43 12 78 16 50 20 22 56 57 27 94 63 145.56
19 67 37 7 72 9 73 41 43 12 78 16 50 20 22 56 57 27 94 63 536.39
19 67 37 7 72 73 41 43 12 13 78 15 16 50 22 56 57 27 94 63 181.27
20 67 37 7 72 73 41 43 12 13 78 15 16 50 53 22 56 57 89 27 63 273.83
21 1 67 37 6 7 73 41 43 12 13 78 15 16 50 53 22 56 57 89 27 63 365.49
22 1 67 37 5 6 7 73 41 43 12 13 15 16 50 53 22 56 57 89 27 61 63 1030.14
23 1 67 37 5 6 7 73 41 43 12 13 15 16 50 52 53 22 23 56 89 27 61 63 89.75
24 1 67 3 37 5 6 7 41 10 43 12 13 15 16 50 52 53 22 23 56 89 27 61 63 1185.15
25 1 67 3 5 6 7 10 12 13 15 21 22 23 89 27 37 39 41 43 50 52 53 56 61 63 457.09
26 1 67 3 5 6 7 10 13 15 21 22 23 89 27 29 37 39 41 42 43 50 52 53 56 61 63 420.54
25 1 67 3 5 7 10 13 15 21 22 23 89 27 29 37 39 41 42 43 50 52 53 56 61 63 312.21
24 1 67 3 5 37 7 39 41 10 42 43 13 15 50 52 21 53 22 23 56 89 29 61 63 896.67
23 1 67 3 5 37 7 39 41 10 42 43 13 15 52 21 53 22 23 56 89 29 61 63 1464.19
22 1 67 3 5 37 7 39 41 10 42 43 13 15 52 53 22 23 56 89 29 61 63 127.89
23 67 3 4 5 37 7 39 41 10 42 43 13 15 48 52 53 22 23 56 89 29 61 63 1236.56
24 67 3 4 36 5 37 7 39 41 10 42 43 13 15 48 19 52 53 23 56 89 29 61 63 247.96
23 67 3 4 36 5 37 7 39 41 42 43 13 15 48 19 52 53 23 56 89 29 61 63 98.85
24 67 3 4 36 5 37 7 39 41 42 13 15 48 17 19 52 53 23 55 56 89 29 61 63 170.44
25 66 67 3 4 5 7 13 15 17 19 23 89 29 95 36 37 39 41 42 48 52 53 55 56 61 332.24
26 66 67 3 4 5 7 13 15 80 17 19 89 29 95 36 37 39 41 42 46 48 52 53 55 56 61 466.65
27 66 67 3 4 5 7 8 15 80 17 19 89 29 95 98 36 37 39 41 42 46 48 52 53 55 56 61 1597.76
28 66 67 3 4 5 7 8 15 80 17 19 89 29 95 31 98 36 37 39 41 42 46 48 49 52 53 55 61 555.35
29 64 66 3 4 5 7 8 15 80 17 19 89 29 30 95 31 98 36 37 39 41 42 46 48 49 52 53 55 61 1241.26
30 64 66 3 4 5 7 8 75 15 80 17 19 89 91 29 30 95 31 98 36 37 39 42 46 48 49 52 53 55 61 494.55
29 64 66 3 4 5 7 8 75 15 80 17 19 89 91 29 30 95 31 98 36 39 42 46 48 49 52 53 55 61 700.90
28 64 66 3 4 5 7 8 75 15 80 17 19 89 91 29 30 95 31 36 39 42 46 48 49 52 53 55 61 756.60
29 64 66 3 4 5 69 8 75 76 15 80 17 19 89 91 29 30 95 31 36 39 42 46 48 49 52 53 55 61 1124.47
30 64 66 3 4 5 69 8 75 76 15 80 17 19 85 89 91 30 95 31 36 39 42 46 48 49 52 53 54 55 61 1928.62
29 66 3 4 5 69 8 75 76 15 80 17 19 85 89 91 30 95 31 36 39 42 46 48 49 52 53 54 55 61 534.73
28 66 3 4 69 8 75 76 15 80 17 19 85 89 91 30 95 31 36 39 42 46 48 49 52 53 54 55 61 269.97
27 66 3 4 69 8 75 76 15 80 17 19 85 89 91 30 95 31 36 39 42 46 48 49 52 54 55 61 17.81
26 66 3 4 69 8 75 76 15 80 17 19 85 89 91 30 95 31 36 39 42 46 49 52 54 55 61 2140.57
25 66 3 4 69 8 75 76 15 80 17 19 85 89 91 30 95 31 36 42 46 49 52 54 55 61 50.92
24 66 3 4 36 69 8 42 75 76 46 15 80 17 49 19 85 54 55 89 91 61 30 95 31 93.51
23 3 4 36 69 8 42 75 76 46 15 80 17 49 19 85 54 55 89 91 61 30 95 31 195.47
22 3 4 36 69 8 42 75 76 46 15 80 17 49 19 85 54 55 89 91 30 95 31 76.49
21 3 4 36 69 8 42 75 76 46 15 80 17 49 19 85 54 55 91 30 95 31 679.43
20 3 36 69 8 42 75 76 46 15 80 17 49 19 85 54 55 91 30 95 31 278.81
20 3 36 69 8 42 75 76 77 46 15 80 17 49 19 85 54 55 91 95 31 92.56
20 3 36 69 8 75 76 77 46 15 80 17 49 19 85 54 55 26 91 95 31 814.34
19 3 36 69 8 75 76 77 46 15 80 17 49 19 54 55 26 91 95 31 148.73
18 36 69 8 75 76 77 46 15 80 17 49 19 54 55 26 91 95 31 96.78
19 32 36 69 8 75 76 77 46 15 47 80 17 49 19 54 26 91 95 31 69.24
20 32 36 69 8 75 76 77 46 15 47 80 49 19 54 88 26 91 92 95 31 1515.95
21 32 99 69 71 8 75 76 77 46 15 47 80 49 19 54 88 26 91 92 95 31 809.52
20 32 99 69 71 8 75 76 77 46 15 47 80 49 19 88 26 91 92 95 31 7.75
19 32 99 69 71 8 75 77 46 15 47 80 49 19 88 26 91 92 95 31 584.65
20 32 65 99 69 71 8 75 77 46 15 47 80 49 19 86 26 91 92 95 31 320.10
21 32 65 99 69 70 71 8 75 77 46 15 47 80 49 86 26 91 59 92 95 31 242.97
22 32 65 99 69 70 71 75 77 45 46 15 47 80 49 86 26 91 59 92 62 95 31 1117.48
23 32 65 99 69 70 71 75 77 45 46 47 80 49 18 86 26 58 91 59 92 62 95 31 457.99
23 32 65 99 69 70 71 75 77 45 46 47 80 18 82 86 26 58 91 59 92 62 95 31 662.90
22 32 65 99 69 70 71 75 77 45 46 47 18 82 86 26 58 91 59 92 62 95 31 1205.20
21 32 65 99 69 70 71 75 77 46 47 18 82 86 26 58 91 59 92 62 95 31 1728.53
20 32 65 99 70 71 75 77 46 47 18 82 86 26 58 91 59 92 62 95 31 456.21
19 32 65 99 71 75 77 46 47 18 82 86 26 58 91 59 92 62 95 31 1356.73
20 32 65 99 71 75 77 46 47 18 82 83 86 87 26 91 59 92 62 95 31 476.93
19 32 65 71 75 77 46 47 18 82 83 86 87 26 91 59 92 62 95 31 257.48
18 32 65 71 75 77 46 47 18 82 83 86 87 26 91 59 62 95 31 33.07
17 32 65 71 75 77 47 18 82 83 86 87 26 91 59 62 95 31 611.59
16 32 65 71 75 77 47 18 82 83 86 87 91 59 62 95 31 120.47
15 32 65 71 75 77 47 18 82 83 86 87 91 59 62 31 166.18
14 32 65 71 75 77 47 18 82 83 87 91 59 62 31 69.28
15 32 65 71 75 44 77 47 18 82 83 87 25 91 59 62 152.33
14 32 65 71 75 44 77 47 18 82 83 87 25 91 59 224.05
15 32 65 97 71 75 44 77 47 82 83 51 87 25 91 59 44.08
14 32 65 97 71 75 44 47 82 83 51 87 25 91 59 845.73
13 65 97 71 75 44 47 82 83 51 87 25 91 59 760.84
14 65 97 71 11 44 47 82 83 51 84 87 25 91 59 10.91
13 65 97 71 11 44 82 83 51 84 87 25 91 59 259.52
12 65 97 82 51 84 71 87 25 11 91 59 44 144.82
11 97 82 51 84 71 87 25 11 91 59 44 15.43
10 97 82 51 84 71 25 11 91 59 44 448.14
9 97 82 51 84 25 11 91 59 44 53.23
8 97 51 84 25 11 91 59 44 1418.00
7 97 51 84 25 11 91 59 184.00
6 97 51 84 25 91 59 7.98
5 97 51 84 91 59 370.00
6 97 51 84 40 59 28 879.44
5 97 51 84 40 28 1066.58
5 0 97 84 40 28 1295.00
4 0 84 40 28 580.00
3 0 40 28 1630.00
2 40 28 244.00
1 28 2111.00
64572.41
25_COPY 35_XPY 650_SUM 1200_QR 500_SUM 1100_QR 20_XPY 650_SUM 25_COPY 40_COPY 35_XPY 35_XPY 65_XPY 50_XPY 50_XPY 40_COPY 10_COPY 65_XPY 350_SUM 650_SUM 40_COPY 20_XPY 1200_QR 10_COPY 350_SUM 1000_QR 1100_QR 350_SUM 55_COPY 1000_QR 350_SUM 1300_QR 25_COPY 65_XPY 1000_QR 1100_QR 1100_QR 40_COPY 200_SUM 1100_QR 1300_QR 500_SUM 25_COPY 50_XPY 50_XPY 20_XPY 1300_QR 650_SUM 50_XPY 25_COPY 1000_QR 1200_QR 650_SUM 25_COPY 50_XPY 500_SUM 40_COPY 650_SUM 10_COPY 40_COPY 1000_QR 1200_QR 1000_QR 1100_QR 200_SUM 1100_QR 50_XPY 65_XPY 1300_QR 650_SUM 10_COPY 650_SUM 25_COPY 20_XPY 1000_QR 40_COPY 1000_QR 25_COPY 50_XPY 1000_QR 1200_QR 1200_QR 500_SUM 35_XPY 40_COPY 35_XPY 1000_QR 10_COPY 20_XPY 1200_QR 1000_QR 55_COPY 65_XPY 65_XPY 25_COPY 40_COPY 650_SUM 40_COPY 20_XPY 1000_QR 