79
40 49 27 38 98 96 64 3 6 20 37 24 61 19 25 67 40 66 69 28 91 92 31 81 13 15 78 93 12 50 52 72 34 56 80 86 1 9 45 68 22 6877.32
40 64 1 66 3 67 68 69 6 72 9 12 13 78 15 80 81 19 20 86 22 23 24 25 27 91 28 92 93 31 96 98 34 37 38 40 45 50 52 56 61 1426.45
40 64 1 66 3 67 68 69 6 72 9 12 13 78 15 80 81 19 20 86 23 24 25 27 91 28 92 93 31 96 32 98 34 37 38 40 45 50 52 56 61 2350.47
40 64 1 66 3 67 68 69 6 72 9 12 13 78 15 80 81 19 20 86 23 24 88 25 27 91 28 93 31 96 32 98 34 37 38 40 45 50 52 56 61 1816.61
40 64 1 66 3 67 68 69 6 72 9 75 12 13 78 15 80 81 19 20 86 23 24 88 25 91 28 93 31 96 32 98 34 37 38 40 45 50 52 56 61 1636.40
38 64 1 66 3 67 68 69 6 72 9 75 12 13 78 15 80 81 19 20 86 23 24 88 25 93 31 96 32 98 34 37 38 40 45 50 52 56 61 396.92
38 64 1 65 66 3 67 68 69 6 72 9 75 12 13 78 15 80 81 19 20 23 24 88 25 93 31 96 32 98 34 37 38 40 45 50 52 56 61 688.97
37 64 1 65 66 3 67 68 69 6 72 9 75 12 13 78 15 80 81 19 20 24 88 25 93 31 96 32 98 34 37 38 40 45 50 52 56 61 1426.45
38 64 1 65 66 3 67 68 69 6 72 9 75 12 13 78 15 80 81 19 20 84 24 88 25 93 31 96 98 34 37 38 40 45 47 50 52 56 61 2998.58
38 64 1 65 3 67 68 6 72 9 75 12 76 13 78 15 80 81 19 20 84 24 88 25 93 31 95 96 98 34 37 38 39 45 47 50 52 56 61 1103.34
38 64 1 65 3 67 68 6 7 72 9 75 12 76 13 78 15 81 82 19 20 84 24 88 25 93 31 95 96 98 37 38 39 45 46 47 50 52 61 67.93
38 64 1 65 3 67 68 6 7 72 9 12 76 13 78 15 81 82 19 20 84 24 88 25 93 31 95 96 98 37 38 39 45 46 47 50 52 55 61 828.82
37 64 1 65 3 67 68 6 7 72 9 12 76 13 78 15 81 82 19 20 84 24 88 25 93 95 96 98 37 38 39 45 46 47 50 52 55 61 541.41
36 64 1 65 3 67 68 6 7 72 9 12 76 13 78 15 82 19 20 84 24 88 25 93 95 96 98 37 38 39 45 46 47 50 52 55 61 2731.70
40 64 1 65 67 68 7 71 72 9 74 10 12 76 13 78 15 82 19 84 24 88 25 89 90 93 95 96 98 35 99 38 39 45 46 47 50 52 55 59 61 2095.19
40 64 65 67 4 7 71 72 74 10 12 76 13 78 15 82 19 84 24 88 25 89 90 93 95 96 98 35 99 38 39 43 46 47 48 50 52 55 59 61 62 625.68
40 64 65 67 4 71 72 74 10 12 76 13 78 15 82 19 84 24 88 25 89 90 93 95 96 98 35 99 38 39 43 46 47 48 50 52 55 57 59 61 62 507.80
40 64 65 67 4 71 72 74 10 12 76 13 78 15 82 19 84 24 88 25 89 90 93 95 96 98 35 99 39 43 46 47 48 50 52 55 57 59 61 62 63 538.25
40 64 65 67 4 71 72 74 10 12 76 16 82 19 84 24 88 25 89 90 29 94 95 96 98 35 99 39 43 46 47 48 50 52 55 57 58 59 61 62 63 1054.18
40 64 65 67 4 71 72 74 10 12 76 16 82 19 84 24 88 25 89 90 29 94 95 96 97 35 99 39 43 46 47 48 50 52 55 57 58 59 61 62 63 932.05
40 64 65 67 4 71 72 74 10 12 76 16 82 19 84 24 88 89 90 29 94 95 96 97 35 99 39 43 44 46 47 48 50 52 55 57 58 59 61 62 63 915.98
40 64 65 4 71 72 73 74 10 12 76 16 82 19 84 24 88 89 90 29 94 95 96 97 35 99 39 43 44 46 47 48 50 52 55 57 58 59 61 62 63 225.65
40 64 65 4 71 72 73 74 10 12 76 14 16 82 19 84 24 88 89 90 29 94 95 96 97 99 39 43 44 46 47 48 50 52 55 57 58 59 61 62 63 1410.64
40 64 2 4 71 72 73 74 10 12 76 14 16 82 19 84 24 88 89 90 29 94 95 96 97 99 39 43 44 46 47 48 50 52 55 57 58 59 61 62 63 977.78
40 64 2 4 71 72 73 74 10 12 14 16 82 19 84 24 88 89 90 29 94 95 96 97 99 39 43 44 46 47 48 50 52 53 55 57 58 59 61 62 63 145.46
40 64 2 4 71 72 73 74 10 12 14 79 16 82 19 84 24 88 89 29 94 95 96 97 99 39 43 44 46 47 48 50 52 53 55 57 58 59 61 62 63 1337.73
40 64 2 4 71 72 73 74 10 12 14 79 16 82 18 19 84 24 88 89 29 94 95 96 97 99 39 43 44 47 48 50 52 53 55 57 58 59 61 62 63 3174.51
40 64 2 4 71 73 74 10 14 79 16 82 18 19 83 84 24 88 89 29 94 95 96 97 99 39 41 42 43 44 47 48 51 53 55 57 58 59 61 62 63 372.82
39 64 2 4 71 73 74 10 14 79 16 82 18 19 83 84 24 88 89 29 94 95 96 97 99 39 41 42 43 44 48 51 53 55 57 58 59 61 62 63 2995.40
39 64 2 4 71 73 74 10 14 79 16 82 18 19 83 84 21 24 88 89 29 94 95 96 97 99 41 42 43 44 48 51 53 55 57 58 59 61 62 63 227.26
38 64 2 4 71 73 74 10 14 79 16 82 18 19 83 84 21 24 88 89 29 94 95 96 97 99 41 42 43 44 48 51 53 57 58 59 61 62 63 1154.16
36 64 2 4 73 10 14 79 16 82 18 19 83 84 21 24 88 89 29 94 95 96 97 99 41 42 43 44 48 51 53 57 58 59 61 62 63 2094.59
35 64 2 4 73 10 14 79 16 82 18 19 83 84 21 24 88 89 29 94 95 96 97 99 41 42 44 48 51 53 57 58 59 61 62 63 1484.68
33 64 2 4 73 10 14 79 16 82 18 19 84 21 24 88 89 29 94 95 96 97 99 41 44 48 51 53 57 58 59 61 62 63 124.68
33 64 2 4 5 73 10 14 79 16 82 18 19 84 21 24 88 89 94 95 96 97 99 41 44 48 51 53 57 58 59 61 62 63 701.76
32 64 2 4 5 73 10 14 79 16 82 18 19 84 21 24 88 89 94 95 96 99 41 44 48 51 53 57 58 59 61 62 63 447.17
30 64 2 4 5 73 10 14 79 16 82 18 19 84 21 24 88 94 95 96 41 44 48 51 53 57 58 59 61 62 63 207.21
29 64 2 5 73 10 14 79 16 82 18 19 84 21 24 88 94 95 96 41 44 48 51 53 57 58 59 61 62 63 120.47
30 64 2 5 73 10 14 79 16 82 18 19 84 21 24 88 26 94 95 96 41 44 48 51 53 54 57 58 59 62 63 183.87
29 64 2 5 73 10 14 79 16 82 18 19 84 21 24 88 26 94 95 41 44 48 51 53 54 57 58 59 62 63 239.54
28 64 2 5 73 10 14 79 82 18 19 84 21 24 88 26 94 95 41 44 48 51 53 54 57 58 59 62 63 185.91
27 64 2 5 73 10 14 79 18 19 84 21 24 88 26 94 95 41 44 48 51 53 54 57 58 59 62 63 881.31
27 2 5 73 10 77 14 79 18 19 84 21 88 26 94 30 95 41 44 48 51 53 54 57 58 59 62 63 64.12
26 5 73 10 77 14 79 18 19 84 21 88 26 94 30 95 41 44 48 51 53 54 57 58 59 62 63 362.94
25 5 73 10 77 14 79 18 19 84 21 88 26 94 30 95 41 48 51 53 54 57 58 59 62 63 2133.97
24 5 73 41 10 77 79 48 18 19 51 84 21 53 54 88 57 26 58 59 94 30 62 95 63 319.39
23 5 73 41 10 77 79 48 18 19 51 84 21 54 88 57 26 58 59 94 30 62 95 63 238.09
22 5 73 41 10 77 48 18 19 51 84 21 54 88 57 26 58 59 94 30 62 95 63 246.91
22 5 73 41 10 11 77 48 18 19 51 21 54 88 57 26 58 59 94 30 62 95 63 242.21
21 5 73 41 10 11 77 18 19 51 21 54 88 57 26 58 59 94 30 62 95 63 373.94
21 5 73 41 10 11 77 18 19 51 21 54 88 26 58 59 60 94 30 62 95 63 250.71
20 5 73 41 10 11 77 18 19 51 21 54 88 26 58 59 60 94 30 62 95 232.06
19 5 73 41 10 11 77 18 19 51 21 54 26 58 59 60 94 30 62 95 1829.85
18 5 73 41 10 77 18 19 51 21 54 26 58 59 60 94 30 62 95 504.22
17 5 73 41 10 77 18 51 21 54 26 58 59 60 94 30 62 95 242.50
16 5 73 41 10 77 51 21 54 26 58 59 60 94 30 62 95 12.62
15 5 73 41 10 77 51 54 26 58 59 60 94 30 62 95 386.50
14 5 73 41 10 77 51 54 58 59 60 94 30 62 95 163.04
14 33 5 73 41 10 77 51 54 58 59 60 94 30 62 382.09
13 33 5 73 41 10 77 51 54 58 59 94 30 62 196.42
13 33 5 73 41 10 77 54 87 58 59 94 30 62 174.60
13 33 5 73 10 77 17 54 87 58 59 94 30 62 705.45
12 33 17 5 54 87 73 10 58 59 77 30 62 171.19
11 33 17 5 54 87 73 10 58 77 30 62 36.74
11 33 17 5 54 87 8 73 10 77 30 62 396.68
10 33 17 5 54 87 8 73 10 77 62 1153.00
9 33 17 5 54 87 8 73 10 62 192.00
8 33 17 5 54 8 73 10 62 1105.08
7 17 5 54 8 73 10 62 322.11
7 17 5 54 70 8 73 62 202.50
6 17 5 54 70 8 73 847.27
6 17 36 5 54 70 8 10.25
5 36 5 54 70 8 4.00
4 36 54 70 8 149.00
4 0 36 70 8 396.00
3 0 36 70 987.00
2 0 70 155.00
2 85 70 514.00
1 85 2991.00
68947.55
350_SUM 650_SUM 50_XPY 65_XPY 1100_QR 40_COPY 65_XPY 20_XPY 1100_QR 650_SUM 55_COPY 20_XPY 1300_QR 1200_QR 65_XPY 1200_QR 500_SUM 500_SUM 650_SUM 55_COPY 65_XPY 65_XPY 200_SUM 200_SUM 40_COPY 25_COPY 50_XPY 35_XPY 10_COPY 50_XPY 65_XPY 1100_QR 200_SUM 1000_QR 500_SUM 20_XPY 350_SUM 65_XPY 25_COPY 25_COPY 1000_QR 650_SUM 200_SUM 50_XPY 500_SUM 650_SUM 1000_QR 25_COPY 1200_QR 20_XPY 1300_QR 650_SUM 1300_QR 500_SUM 40_COPY 1100_QR 500_SUM 1200_QR 1300_QR 40_COPY 200_SUM 40_COPY 55_COPY 1200_QR 40_COPY 50_XPY 1000_QR 25_COPY 650_SUM 1000_QR 650_SUM 50_XPY 1300_QR 55_COPY 50_XPY 200_SUM 350_SUM 1100_QR 1200_QR 500_SUM 500_SUM 1100_QR 1200_QR 200_SUM 1300_QR 25_COPY 350_SUM 35_XPY 40_COPY 65_XPY 10_COPY 10_COPY 10_COPY 1200_QR 1300_QR 40_COPY 40_COPY 50_XPY 25_COPY 65_XPY 