97
13 74 65 91 88 61 62 10 67 33 81 63 12 83 3111.27
13 65 33 67 74 10 12 81 87 88 91 61 62 63 411.58
12 65 33 81 67 87 88 74 10 12 61 62 63 1584.30
14 33 2 67 10 12 79 81 87 88 57 60 61 62 63 324.05
15 2 67 37 10 12 79 81 87 88 57 90 60 61 62 63 1188.45
14 2 67 37 10 12 79 81 88 57 90 60 61 62 63 1678.66
13 2 67 37 10 12 79 88 57 90 60 61 62 63 72.78
14 2 67 37 10 12 79 50 88 57 90 27 61 62 63 553.72
15 2 36 37 73 10 12 79 50 88 57 90 27 61 62 63 524.22
16 2 35 36 37 73 10 12 79 50 20 88 57 27 61 62 63 1444.49
17 35 36 37 73 10 12 79 50 20 88 56 57 27 61 93 62 63 725.93
18 66 35 36 37 38 73 10 12 79 50 20 88 56 57 27 61 93 62 295.40
17 66 36 37 38 73 10 12 79 50 20 88 56 57 27 61 93 62 831.05
16 66 36 37 38 73 10 12 79 50 20 88 56 57 61 93 62 778.94
17 66 36 38 73 10 12 14 79 50 20 22 88 56 57 61 93 62 411.33
18 66 36 38 7 73 10 12 14 16 50 20 22 88 56 57 61 93 62 1790.98
19 64 66 3 38 7 73 10 12 14 16 50 20 22 88 56 57 61 93 62 731.17
20 64 66 3 38 7 73 10 42 14 78 16 50 20 22 88 56 57 61 93 62 229.76
21 64 66 3 38 39 73 10 42 14 78 16 50 20 21 22 88 56 57 61 93 62 38.04
21 64 66 3 38 39 73 10 42 14 78 16 50 20 21 22 88 56 57 26 93 62 83.69
22 64 32 66 3 38 39 73 10 42 14 78 16 50 20 21 22 56 57 26 92 93 62 1123.70
21 64 32 66 3 38 39 73 10 42 14 78 16 50 20 21 56 57 26 92 93 62 1203.57
20 64 32 66 3 38 39 73 10 42 14 78 16 50 21 56 57 26 92 93 62 165.72
21 64 32 66 3 38 39 73 10 42 14 78 16 50 52 21 23 56 26 92 93 62 449.79
20 64 32 3 38 39 73 10 42 14 78 16 50 52 21 23 56 26 92 93 62 1700.10
19 64 32 3 38 39 73 10 14 78 16 50 52 21 23 56 26 92 93 62 286.26
20 64 3 38 39 73 10 11 14 78 16 50 52 21 23 56 26 92 28 93 62 272.93
21 64 3 69 38 39 73 10 11 76 14 78 16 50 52 21 23 26 92 28 93 62 444.31
22 64 3 69 38 39 73 10 11 76 14 78 47 16 50 52 84 21 23 26 28 93 62 1775.79
23 64 3 69 38 39 73 10 11 76 14 78 46 47 16 80 50 52 84 21 26 28 93 62 38.05
24 64 3 68 69 38 39 73 10 11 76 45 14 78 46 47 16 80 50 52 84 21 26 28 93 76.11
25 64 3 68 69 71 73 11 76 14 78 16 80 84 21 26 28 93 99 38 39 45 46 47 50 52 227.19
24 64 3 99 68 69 38 71 39 73 11 76 45 78 46 47 16 80 50 84 52 21 26 28 93 543.62
23 64 3 99 68 69 71 39 73 76 45 78 46 47 16 80 50 84 52 21 26 28 93 95 349.99
24 64 3 99 68 69 71 39 73 9 76 45 78 46 47 15 16 80 50 84 52 21 28 93 95 667.81
25 64 3 68 69 71 73 9 76 78 15 80 84 21 25 28 93 95 99 39 44 45 46 47 50 52 1195.46
24 64 99 68 69 71 39 73 9 76 44 45 78 46 15 47 80 50 84 52 21 25 28 93 95 531.17
25 64 68 69 71 73 9 76 78 15 80 84 21 25 28 95 31 99 39 44 45 46 47 49 50 52 322.32
24 64 99 68 69 71 39 73 9 76 44 45 78 46 15 47 80 49 50 84 52 21 25 95 31 346.20
23 64 99 68 69 71 39 73 9 76 44 45 78 46 15 47 80 49 50 84 52 25 95 31 1956.51
22 64 99 68 69 71 39 73 9 76 44 45 78 46 15 47 80 49 84 52 25 95 31 604.09
23 64 99 68 69 71 39 73 9 44 45 78 46 15 47 80 49 84 52 53 25 89 95 31 215.40
24 64 99 68 69 71 39 72 73 9 44 45 78 46 15 47 80 84 52 53 25 89 94 95 31 462.81
25 64 68 4 69 71 72 73 9 78 15 80 84 25 89 94 95 31 99 44 45 46 47 48 52 53 901.51
26 64 1 68 4 6 71 72 73 9 78 15 80 84 25 89 94 95 31 99 44 45 46 47 48 52 53 1360.77
27 64 1 68 4 6 72 73 9 77 78 15 80 84 24 25 89 94 95 31 99 44 45 46 47 48 52 53 1260.18
26 64 1 68 4 6 72 73 9 77 78 15 80 84 24 25 89 94 95 31 99 44 45 47 48 52 53 584.28
27 64 1 68 4 5 6 72 73 9 77 15 80 84 24 25 89 29 94 95 31 99 44 45 47 48 52 53 2289.94
28 64 1 68 4 5 6 70 72 73 9 77 15 80 84 24 25 89 29 94 95 31 44 45 47 48 52 53 59 689.59
27 64 1 68 4 5 6 70 72 73 9 77 15 84 24 25 89 29 94 95 31 44 45 47 48 52 53 59 279.61
28 64 1 68 4 5 6 70 72 73 9 77 15 84 86 24 25 89 29 94 95 31 40 44 45 48 52 53 59 1865.52
27 64 1 68 4 5 6 70 72 73 9 77 15 84 86 24 25 89 29 94 95 31 40 45 48 52 53 59 1251.04
28 64 1 68 4 5 6 70 72 9 77 15 19 84 86 24 25 89 29 94 30 95 31 40 45 48 52 53 59 851.17
30 64 1 4 5 6 70 72 9 77 15 17 19 84 86 24 25 89 29 94 30 95 31 40 41 43 48 52 53 55 59 513.57
29 1 4 5 6 70 72 9 77 15 17 19 84 86 24 25 89 29 94 30 95 31 40 41 43 48 52 53 55 59 608.25
30 1 4 5 6 70 72 9 77 15 17 82 19 84 86 24 25 89 29 94 30 95 34 40 41 43 48 52 53 55 59 320.10
31 1 4 5 6 70 72 77 15 17 82 19 84 86 24 25 89 29 94 30 95 97 34 98 40 41 43 48 52 53 55 59 83.56
30 1 4 5 6 70 72 77 15 17 82 19 84 86 24 89 29 94 30 95 97 34 98 40 41 43 48 52 53 55 59 1763.62
29 1 4 5 6 70 72 77 15 17 82 19 84 86 24 89 29 94 30 95 97 34 98 40 41 43 48 53 55 59 94.36
28 1 4 5 6 70 72 77 15 17 82 19 84 86 24 89 29 94 30 95 97 34 98 40 41 43 48 55 59 670.75
27 1 4 5 6 70 72 77 15 17 82 19 84 86 24 29 94 30 95 97 34 98 40 41 43 48 55 59 334.64
27 1 4 5 6 70 72 77 17 82 19 84 86 24 29 94 30 95 97 34 98 40 41 43 48 51 55 59 851.37
26 1 4 5 6 70 72 77 17 82 19 84 86 24 94 30 95 97 34 98 40 41 43 48 51 55 59 919.58
25 1 4 5 70 72 77 17 82 19 84 86 24 94 30 95 97 34 98 40 41 43 48 51 55 59 235.61
24 1 97 34 98 5 70 72 40 41 43 77 48 17 82 19 51 84 86 55 24 59 94 30 95 551.82
23 1 97 34 98 5 70 72 40 41 43 77 48 17 82 19 51 84 55 24 59 94 30 95 352.72
22 1 97 34 98 5 70 72 40 41 43 77 48 17 82 19 51 55 24 59 94 30 95 573.49
21 1 97 34 98 5 70 72 40 41 43 48 17 82 19 51 55 24 59 94 30 95 717.33
20 1 97 34 98 5 70 72 41 43 48 17 82 19 51 55 24 59 94 30 95 570.36
19 97 34 98 5 70 72 41 43 48 17 82 19 51 55 24 59 94 30 95 977.35
18 97 34 98 5 70 72 41 43 17 82 19 51 55 24 59 94 30 95 290.68
18 97 34 98 5 70 72 41 75 17 82 19 51 55 24 59 94 30 95 861.35
17 34 98 5 70 72 41 75 17 82 19 51 55 24 59 94 30 95 60.23
16 34 98 5 70 72 41 75 17 82 19 51 55 24 59 94 30 870.90
15 34 98 5 70 72 41 75 17 82 19 51 55 24 59 94 399.08
14 34 98 5 72 41 75 17 82 19 51 55 24 59 94 340.13
13 34 98 5 72 41 75 82 19 51 55 24 59 94 555.30
12 98 82 19 51 5 55 72 24 41 75 59 94 358.43
11 98 82 19 51 5 72 24 41 75 59 94 20.38
10 98 82 19 51 5 72 24 41 59 94 22.05
9 98 82 19 51 5 72 24 41 59 302.62
8 98 82 19 51 5 24 41 59 438.74
7 98 82 19 51 5 24 59 19.28
6 82 19 51 5 24 59 646.71
5 82 19 51 5 59 181.66
5 0 19 51 5 59 126.58
4 0 19 5 59 17.00
3 0 19 59 222.00
3 0 96 19 1170.00
4 96 19 85 54 1574.00
3 96 85 54 1931.00
4 96 54 8 58 940.00
3 54 8 58 1170.00
4 18 8 58 13 1119.00
3 18 58 13 1658.00
2 58 13 386.00
1 13 876.00
69797.93
350_SUM 650_SUM 50_XPY 65_XPY 1100_QR 40_COPY 65_XPY 20_XPY 1100_QR 650_SUM 55_COPY 20_XPY 1300_QR 1200_QR 65_XPY 1200_QR 500_SUM 500_SUM 650_SUM 55_COPY 65_XPY 65_XPY 200_SUM 200_SUM 40_COPY 25_COPY 50_XPY 35_XPY 10_COPY 50_XPY 65_XPY 1100_QR 200_SUM 1000_QR 500_SUM 20_XPY 350_SUM 65_XPY 25_COPY 25_COPY 1000_QR 650_SUM 200_SUM 50_XPY 500_SUM 650_SUM 1000_QR 25_COPY 1200_QR 20_XPY 1300_QR 650_SUM 1300_QR 500_SUM 40_COPY 1100_QR 500_SUM 1200_QR 1300_QR 40_COPY 200_SUM 40_COPY 55_COPY 1200_QR 40_COPY 50_XPY 1000_QR 25_COPY 650_SUM 1000_QR 650_SUM 50_XPY 1300_QR 55_COPY 50_XPY 200_SUM 350_SUM 1100_QR 1200_QR 500_SUM 500_SUM 1100_QR 1200_QR 200_SUM 1300_QR 25_COPY 350_SUM 35_XPY 40_COPY 65_XPY 10_COPY 10_COPY 10_COPY 1200_QR 1300_QR 40_COPY 40_COPY 50_XPY 25_COPY 65_XPY 