29
40 21 14 3 16 47 48 49 8 10 27 37 44 13 41 24 6 23 35 1 46 2 33 34 40 43 7 20 29 38 9 12 31 19 28 36 18 30 45 4 32 6877.32
40 1 2 4 6 7 8 9 10 11 12 13 15 16 18 19 20 23 24 27 28 29 30 31 32 33 34 35 36 37 38 40 41 42 43 44 45 46 47 48 49 2512.46
40 1 2 4 5 6 7 8 9 10 11 12 13 15 16 18 19 20 23 24 27 28 30 31 32 33 34 35 36 37 39 40 41 42 43 44 45 46 47 48 49 3079.89
39 1 2 4 5 6 7 9 11 12 13 15 16 17 18 19 20 22 23 24 25 26 28 30 31 32 33 34 35 36 39 40 41 42 43 45 46 47 48 49 3644.83
38 1 2 4 5 6 7 9 11 12 13 15 16 17 18 19 22 23 24 25 26 28 30 31 32 33 34 35 36 39 40 41 42 43 45 46 47 48 49 1861.19
37 1 2 4 5 6 9 11 12 13 15 16 17 18 19 22 23 24 25 26 28 30 31 32 33 34 35 36 39 40 41 42 43 45 46 47 48 49 689.29
35 1 2 4 5 6 9 11 12 15 16 17 18 19 22 23 24 25 26 28 30 31 32 33 34 35 36 39 40 42 43 45 46 47 48 49 2042.15
32 1 2 5 6 9 11 12 15 16 17 18 19 22 23 24 25 26 28 30 31 33 34 35 36 39 40 42 43 45 46 47 49 58.22
29 1 2 5 6 9 11 12 15 16 17 18 19 23 24 28 30 31 33 34 35 36 39 40 42 43 45 46 47 49 464.69
27 1 2 5 6 9 12 16 17 18 19 23 24 28 30 31 33 34 35 36 39 40 42 43 45 46 47 49 290.76
24 1 33 2 34 35 36 5 6 39 40 9 42 43 45 46 47 16 17 18 19 23 24 28 30 912.38
23 1 33 2 34 35 36 5 6 39 40 42 43 45 46 47 16 17 18 19 23 24 28 30 360.13
22 1 33 2 34 35 36 5 6 40 42 43 45 46 47 16 17 18 19 23 24 28 30 205.55
20 1 33 2 34 35 36 5 6 40 42 43 45 46 47 17 18 19 23 28 30 1561.98
18 1 33 2 34 35 36 5 6 42 45 46 47 17 18 19 23 28 30 377.46
17 1 33 2 34 35 36 5 6 45 46 47 17 18 19 23 28 30 686.98
16 1 33 2 34 35 36 5 6 45 46 47 17 18 19 23 30 60.20
13 1 33 2 34 35 5 6 45 46 17 18 23 30 94.01
12 1 33 17 2 18 35 5 6 23 45 46 30 86.78
11 1 17 2 18 35 5 6 23 45 46 30 32.14
10 1 17 18 35 5 6 23 45 46 30 2010.80
9 1 17 18 35 6 23 45 46 30 739.52
8 1 17 18 35 6 23 45 46 5.09
6 1 17 35 6 23 46 18.83
5 1 35 6 23 46 674.00
5 0 1 35 6 46 37.00
3 0 1 46 1383.00
2 1 46 566.00
1 1 5.00
31337.63
10_COPY 55_COPY 25_COPY 20_XPY 500_SUM 650_SUM 40_COPY 1000_QR 35_XPY 1100_QR 35_XPY 350_SUM 1100_QR 50_XPY 20_XPY 350_SUM 65_XPY 650_SUM 1300_QR 1200_QR 1000_QR 20_XPY 200_SUM 40_COPY 65_XPY 200_SUM 200_SUM 35_XPY 1200_QR 10_COPY 1300_QR 1100_QR 500_SUM 25_COPY 25_COPY 40_COPY 1200_QR 35_XPY 10_COPY 350_SUM 25_COPY 50_XPY 500_SUM 25_COPY 35_XPY 1300_QR 55_COPY 1200_QR 500_SUM 1100_QR 