165
40 184 183 55 34 29 30 198 199 14 123 175 182 157 3 195 11 134 142 148 176 16 23 140 99 85 119 144 164 180 51 57 59 158 21 25 81 94 54 187 46 6877.32
40 3 195 5 198 134 199 11 140 14 142 16 144 81 148 85 21 86 23 25 157 30 158 94 96 99 164 46 175 176 51 180 182 54 119 57 123 59 187 61 127 2512.46
40 3 195 5 198 134 199 11 140 14 142 16 144 81 148 85 21 86 23 25 157 30 158 94 96 164 167 46 175 176 51 180 182 54 119 57 123 59 187 61 127 3079.89
40 3 195 5 198 134 199 11 140 142 16 144 81 148 20 85 21 149 86 23 88 25 157 158 94 96 164 166 167 109 46 176 51 180 54 119 57 59 187 61 127 1292.38
40 3 195 5 198 134 199 11 139 140 142 16 144 81 148 20 85 21 149 23 88 25 157 158 94 96 164 166 167 109 46 176 51 180 54 119 57 59 187 125 127 735.75
40 3 195 5 198 134 199 11 139 140 142 16 144 81 18 148 20 85 21 149 23 88 25 157 158 94 96 164 166 167 109 46 176 51 180 52 119 57 59 125 127 413.60
40 3 195 67 5 198 134 199 11 139 142 16 144 81 18 148 20 85 21 149 23 88 25 157 158 94 96 164 166 167 109 46 176 51 180 52 119 57 59 125 127 3761.72
40 3 195 67 5 198 134 199 11 139 142 16 144 81 18 148 20 85 21 149 23 88 25 158 94 96 164 166 167 109 46 176 48 51 180 52 119 57 59 125 127 682.09
40 3 195 67 5 198 134 199 11 139 142 16 144 81 18 148 85 21 149 150 23 88 25 156 93 158 94 164 166 167 109 46 176 48 51 180 52 119 57 59 125 1364.66
40 3 195 67 4 5 198 134 199 11 139 141 142 16 144 18 148 85 21 149 150 23 88 156 93 158 164 166 167 109 46 176 48 51 180 52 119 57 59 125 63 661.58
40 194 3 195 67 4 5 198 134 199 11 139 141 142 16 144 18 148 85 21 149 150 23 88 156 93 158 164 166 167 109 46 176 48 51 180 119 57 59 125 63 240.63
40 194 66 3 195 67 4 5 198 134 9 11 139 141 142 16 18 148 21 149 150 23 88 156 93 158 95 160 166 167 109 46 176 48 51 115 181 57 59 125 63 257.86
40 194 66 3 195 67 4 5 198 134 9 11 139 141 142 16 18 148 21 149 150 23 88 156 93 158 95 160 98 166 167 46 176 48 51 115 181 57 59 125 63 594.55
40 194 66 3 195 67 4 198 134 9 11 139 141 142 16 18 148 21 149 150 23 88 26 156 93 158 95 160 98 166 167 46 176 48 51 115 181 57 59 125 63 1434.75
40 194 66 130 3 195 67 4 198 134 9 11 139 141 142 16 148 21 149 150 23 88 26 156 93 158 95 160 98 166 167 46 176 48 51 115 181 57 59 125 63 308.54
40 194 66 130 3 195 67 4 198 134 9 11 139 141 142 16 148 21 149 150 88 26 156 93 158 95 160 98 166 167 46 176 48 51 115 181 57 186 59 125 63 670.75
40 194 66 130 67 4 198 134 9 11 139 141 142 16 148 21 149 150 151 88 26 156 93 158 95 160 98 166 167 171 46 176 48 51 115 181 57 186 59 125 63 2124.29
40 194 66 130 67 4 198 134 9 11 139 141 142 16 148 21 149 150 151 88 26 156 93 158 95 160 98 162 166 167 171 176 48 51 115 181 57 186 59 125 63 387.75
40 194 66 130 67 4 198 134 9 137 11 139 141 142 16 148 21 149 150 151 88 26 156 93 158 95 160 98 162 167 171 176 48 51 115 181 57 186 59 125 63 689.29
40 194 66 130 67 4 198 134 9 137 11 139 141 142 16 148 21 149 150 151 88 26 156 93 158 95 160 98 162 171 107 176 48 51 115 181 57 186 59 125 63 430.79
40 194 66 130 67 4 198 134 9 137 11 139 141 142 16 148 21 149 150 151 88 26 156 93 158 95 160 98 162 106 171 107 176 48 51 181 57 186 59 125 63 169.97
40 194 66 130 67 4 198 134 70 9 137 11 139 141 142 16 148 21 149 150 151 88 26 156 93 95 160 98 162 169 106 171 107 44 176 48 181 186 125 63 191 797.06
40 194 66 130 67 4 134 70 72 9 137 11 139 141 142 148 21 149 150 151 88 26 156 93 95 160 98 162 169 106 171 107 44 176 48 50 181 186 125 63 191 1553.76
40 194 66 130 67 4 134 70 72 9 137 11 139 141 142 148 21 149 150 151 88 26 156 93 95 98 162 169 106 171 107 44 176 48 50 181 186 58 125 63 191 138.93
40 1 194 66 130 67 4 134 70 72 9 137 74 11 139 141 142 148 21 150 151 88 26 156 93 95 98 162 169 106 171 107 44 176 50 181 186 58 125 63 191 683.84
40 1 194 66 130 67 4 134 70 72 9 137 74 11 139 141 142 148 21 151 88 26 90 156 93 95 98 162 169 106 171 107 44 176 50 181 186 58 125 63 191 614.49
40 1 194 66 130 67 4 134 70 72 9 137 74 11 141 142 148 21 151 88 26 90 156 93 95 98 162 169 105 106 171 107 44 176 50 181 186 58 125 63 191 3102.74
40 1 65 194 66 130 67 4 134 72 9 137 74 11 141 142 148 21 151 88 26 90 156 93 95 98 162 105 106 171 107 44 172 176 50 181 186 58 125 63 191 975.83
40 1 65 194 66 130 67 131 4 134 72 9 137 74 11 141 142 148 21 151 88 26 90 156 93 98 162 105 106 171 107 44 172 176 50 181 186 58 125 63 191 833.03
40 1 65 194 66 130 67 131 4 134 72 9 137 74 11 141 142 148 21 151 26 90 156 93 98 162 105 106 171 107 44 172 47 176 50 181 186 58 125 63 191 19.39
40 1 65 194 66 130 67 131 4 134 72 9 137 74 11 141 142 148 21 151 90 156 93 32 98 162 105 106 171 107 44 172 47 176 50 181 186 58 125 63 191 667.92
40 1 65 194 66 130 67 131 4 134 72 9 137 74 11 141 142 148 21 151 90 92 32 98 162 105 106 42 171 107 44 172 47 176 50 181 186 58 125 63 191 769.03
40 1 65 194 66 67 131 4 134 72 9 137 74 11 141 142 148 21 151 90 92 32 98 162 105 106 42 171 107 44 172 47 176 50 181 117 186 58 125 63 191 29.39
40 1 65 194 66 67 131 4 134 72 9 137 74 11 141 142 148 151 153 90 92 32 98 162 105 106 42 171 107 44 172 47 176 50 181 117 186 58 125 63 191 1033.59
40 64 1 65 194 66 67 131 4 134 72 9 74 11 141 142 148 151 153 90 92 32 98 162 105 106 42 171 107 44 172 47 176 50 181 117 186 58 125 63 191 115.70
40 64 1 65 194 66 131 4 134 72 9 74 11 141 142 148 151 153 90 91 92 32 98 162 105 106 42 171 107 44 172 47 176 50 181 117 186 58 125 63 191 1007.49
40 64 1 65 194 66 131 4 134 135 72 9 74 11 141 142 148 151 153 90 91 92 32 98 162 105 42 171 107 44 172 47 176 50 181 117 186 58 125 63 191 924.13
40 64 1 65 194 66 131 4 134 135 72 9 74 11 141 142 148 151 153 90 154 91 92 32 98 105 42 171 107 44 172 47 176 50 181 117 186 58 125 63 191 528.24
40 64 1 194 66 131 4 134 135 72 9 74 11 141 142 148 151 153 90 154 91 92 32 98 105 42 171 107 44 172 47 176 50 181 117 186 58 125 189 63 191 568.15
40 64 1 66 131 4 134 135 7 72 9 74 11 141 142 148 151 153 90 154 91 92 32 98 105 42 171 107 44 172 47 176 50 181 117 186 58 125 189 63 191 494.62
40 64 1 66 131 4 134 135 7 72 9 74 11 141 142 83 148 151 153 90 154 91 92 32 105 42 171 107 44 172 47 176 50 181 117 186 58 125 189 63 191 885.36
40 64 1 66 131 4 134 135 7 9 74 11 141 142 83 148 151 153 90 154 91 92 32 161 105 42 171 107 44 172 47 176 50 181 117 186 58 125 189 63 191 160.70
40 64 1 66 131 4 134 135 7 74 11 141 142 83 148 151 153 90 154 91 92 32 161 105 42 171 107 44 172 108 47 176 50 181 117 186 58 125 189 63 191 32.14
40 64 1 66 131 134 135 7 74 11 141 142 83 148 151 153 90 154 91 92 31 32 161 105 42 171 107 44 172 108 47 176 50 181 117 186 58 125 189 63 191 1256.60
40 64 1 66 131 134 135 7 74 11 141 142 83 148 151 153 90 154 91 27 92 31 32 161 105 42 171 107 44 172 108 47 176 50 181 117 58 125 189 63 191 3863.39
40 64 1 66 131 134 135 7 74 11 141 142 83 148 151 153 90 154 91 27 92 31 32 161 39 105 42 171 44 172 108 47 176 50 181 117 58 125 189 63 191 149.61
40 64 66 131 134 135 7 74 11 141 142 80 83 148 151 153 90 154 91 27 92 31 32 161 39 105 42 171 44 172 108 47 176 50 181 117 58 125 189 63 191 447.83
40 64 66 131 134 135 7 74 11 141 142 80 83 148 151 153 90 154 91 27 92 31 32 161 39 105 42 171 44 172 108 47 176 112 50 181 117 58 125 189 63 2479.79
40 64 66 131 134 135 7 11 141 142 80 83 148 151 153 90 154 91 27 92 31 32 161 39 105 42 171 44 172 108 47 176 112 113 50 181 117 58 125 189 63 798.88
40 64 66 131 135 7 73 141 80 83 148 151 153 90 154 91 27 92 31 32 161 39 105 42 171 44 172 108 47 176 112 113 177 50 178 181 117 58 125 189 63 2411.71
40 64 66 131 135 7 73 141 80 148 151 153 90 154 91 27 92 31 32 161 36 39 105 42 171 44 172 108 47 176 112 113 177 50 178 181 117 58 125 189 63 89.26
40 64 129 66 131 135 7 73 141 80 148 151 153 90 154 91 92 31 32 161 36 39 105 42 171 44 172 108 47 176 112 113 177 50 178 181 117 58 125 189 63 1458.73
40 64 129 66 131 135 7 73 141 80 146 148 151 90 154 91 92 31 32 161 36 39 105 42 171 44 172 108 47 176 112 113 177 50 178 181 117 58 125 189 63 616.15
40 64 129 66 131 135 7 73 10 141 80 146 148 151 90 154 91 92 31 32 161 36 39 105 42 171 44 172 108 47 176 112 113 177 178 181 117 58 125 189 63 1551.01
40 64 129 66 131 135 7 73 10 141 80 146 148 151 90 154 91 92 31 32 161 36 37 39 105 42 171 44 172 108 47 176 112 113 177 178 181 117 125 189 63 759.02
40 64 129 66 131 197 135 7 73 10 141 80 146 82 148 151 90 154 91 92 31 32 161 36 37 39 105 42 171 44 108 47 176 112 113 178 181 117 125 189 63 84.99
40 64 129 66 2 131 197 135 7 73 10 141 80 146 82 148 151 154 91 92 31 32 161 36 37 39 105 42 171 44 108 47 176 112 113 178 181 117 125 189 63 913.61
40 64 129 66 2 131 197 135 7 73 10 141 80 146 82 148 151 154 91 92 31 32 161 36 37 39 42 171 44 108 174 47 176 112 113 178 181 117 125 189 63 822.21
40 64 129 66 2 131 197 135 7 73 10 141 80 146 82 148 151 154 91 92 31 32 161 36 37 39 42 171 44 108 174 176 112 113 178 181 117 125 189 62 63 915.98
40 64 129 66 2 131 197 135 7 73 10 141 80 146 82 148 151 154 91 92 31 161 36 37 39 42 171 44 108 173 174 176 112 113 178 181 117 125 189 62 63 580.71
40 64 129 66 2 131 197 135 73 10 141 80 146 82 148 151 154 91 92 31 161 36 37 39 40 42 171 44 108 173 174 176 112 113 178 181 117 125 189 62 63 1016.95
40 129 66 2 131 197 135 73 10 141 80 146 82 148 151 154 91 92 31 161 97 36 37 39 40 42 171 44 108 173 174 176 112 113 178 181 117 125 189 62 63 541.99
40 129 66 2 131 197 135 73 10 75 141 80 146 82 148 151 154 91 92 161 97 36 37 39 40 42 171 44 108 173 174 176 112 113 178 181 117 125 189 62 63 3625.34
40 129 66 2 131 197 135 73 10 75 141 80 146 82 148 151 154 92 161 97 36 37 39 40 42 171 44 108 173 174 176 112 113 178 181 117 118 125 189 62 63 95.61
40 129 66 2 197 135 73 10 75 141 80 146 82 148 151 154 92 161 97 36 37 39 40 42 171 44 108 173 174 176 112 113 178 181 117 118 125 189 62 126 63 1403.37
40 129 66 2 197 135 73 10 75 141 77 80 146 82 148 151 154 92 161 97 36 37 40 42 171 44 108 173 174 176 112 113 178 181 117 118 125 189 62 126 63 145.18
40 129 66 2 197 135 73 10 75 141 77 146 82 148 151 154 92 161 97 36 37 165 40 42 171 44 108 173 174 176 112 113 178 181 117 118 125 189 62 126 63 445.21
40 129 193 66 2 197 135 73 10 75 141 77 146 82 148 151 154 92 161 97 36 37 165 40 42 171 44 108 173 174 176 113 178 181 117 118 125 189 62 126 63 989.42
40 129 193 66 2 197 135 73 10 75 141 77 146 82 148 151 154 92 161 97 36 37 165 40 42 171 44 108 173 174 113 49 178 181 117 118 125 189 62 126 63 687.35
40 129 193 66 2 197 135 8 73 75 141 77 146 82 148 151 154 92 161 97 36 37 165 40 42 171 44 108 173 174 113 49 178 181 117 118 125 189 62 126 63 803.31
40 129 193 66 2 132 197 135 8 73 75 141 77 146 82 148 151 154 92 161 97 36 37 165 40 42 171 44 108 173 174 49 178 181 117 118 125 189 62 126 63 95.14
40 192 129 193 66 2 132 197 135 8 73 75 141 77 146 82 151 154 92 161 97 36 37 165 40 42 171 44 108 173 174 49 178 181 117 118 125 189 62 126 63 667.99
40 192 129 193 66 2 132 197 135 8 73 75 141 77 143 146 82 151 154 92 161 97 36 165 40 42 171 44 108 173 174 49 178 181 117 118 125 189 62 126 63 47.55
40 192 129 193 66 2 132 197 135 8 73 75 77 143 145 146 82 151 154 92 159 161 97 36 165 40 42 171 44 108 173 174 49 178 181 117 118 125 189 62 126 716.39
40 192 129 193 66 2 132 6 135 8 73 75 77 143 145 17 146 151 154 92 159 161 97 36 165 40 42 171 44 108 173 174 49 178 181 117 118 125 189 62 126 1780.83
40 192 193 66 2 132 6 135 8 73 75 77 143 145 17 146 151 154 92 159 161 97 36 165 40 42 171 44 108 173 174 49 178 181 117 118 56 125 189 62 126 102.88
40 192 193 66 2 132 6 135 8 73 75 77 143 145 17 146 84 151 154 159 161 97 36 165 40 171 44 108 173 174 49 178 181 117 118 56 122 125 189 62 126 420.54
40 192 193 66 2 132 6 135 8 73 75 143 79 145 17 146 84 151 154 159 161 97 36 165 40 171 44 108 173 174 49 178 181 117 118 56 122 125 189 62 126 143.60
40 192 193 66 2 132 6 135 8 73 75 13 143 79 145 17 146 84 151 154 159 161 97 36 40 171 44 108 173 174 49 178 181 117 118 56 122 125 189 62 126 205.76
40 192 193 66 2 132 6 135 8 73 75 13 143 79 145 17 146 84 151 154 159 161 97 36 40 170 171 44 108 173 174 49 178 181 118 56 122 125 189 62 126 600.06
40 192 193 66 2 132 6 135 8 73 75 13 143 79 145 17 84 151 87 154 159 161 97 36 40 170 171 44 108 173 174 49 178 181 118 56 122 125 189 62 126 884.77
40 192 193 66 2 132 6 135 8 73 75 13 143 79 145 17 84 151 87 154 159 161 97 163 36 40 170 171 44 108 173 174 49 178 181 118 56 122 189 62 126 1741.57
40 192 193 66 2 132 6 8 73 75 13 143 79 145 17 84 151 87 154 159 161 97 163 36 40 170 171 44 108 173 174 49 178 181 118 56 122 188 189 62 126 300.78
40 192 193 66 2 132 6 8 73 75 13 143 79 145 17 84 151 87 154 159 161 97 163 36 40 170 171 44 108 173 174 49 181 118 56 122 188 189 62 126 190 44.09
40 192 193 66 2 132 6 8 73 75 13 143 79 145 17 84 151 87 159 161 97 163 35 36 40 170 171 44 108 173 174 49 181 118 56 122 188 189 62 126 190 58.79
39 192 193 66 2 132 6 8 73 75 13 143 79 145 17 84 151 87 159 161 97 163 35 36 40 170 171 44 108 173 174 49 181 118 56 122 188 62 126 190 951.05
40 192 193 66 2 132 133 6 8 73 75 13 143 79 145 17 84 151 87 159 161 97 163 35 36 40 170 171 108 173 174 110 49 181 118 56 122 188 62 126 190 992.03
39 192 193 66 2 132 133 6 8 73 75 13 143 79 145 17 84 151 87 159 97 163 35 36 40 170 171 108 173 174 110 49 181 118 56 122 188 62 126 190 126.15
40 192 193 66 2 132 133 8 73 138 75 13 143 79 145 84 151 87 159 97 163 35 36 101 40 170 171 108 173 174 110 49 181 53 118 56 122 188 62 126 190 307.47
40 192 193 66 2 132 133 8 138 75 13 143 79 145 19 84 151 87 159 97 163 35 36 101 40 170 171 108 173 174 110 49 181 53 118 56 122 188 62 126 190 1209.95
40 192 193 66 2 132 133 8 138 75 13 143 79 15 145 19 84 151 87 159 97 163 35 36 101 40 170 171 108 173 174 110 181 53 118 56 122 188 62 126 190 271.71
40 192 193 66 2 132 133 8 138 75 13 143 79 15 145 19 84 151 87 152 159 97 163 35 36 101 40 170 171 108 173 174 110 181 53 118 122 188 62 126 190 292.10
40 192 193 66 132 133 8 138 75 13 143 79 15 145 19 84 151 87 152 159 97 163 35 36 101 40 170 171 108 173 174 110 181 53 118 122 188 124 62 126 190 223.19
40 192 193 66 132 133 8 136 138 75 13 143 15 145 19 84 151 87 152 159 97 163 35 36 101 40 170 171 108 173 174 110 181 53 118 122 188 124 62 126 190 433.27
40 193 66 132 133 8 136 138 75 13 143 15 145 19 84 151 87 152 159 97 163 35 36 101 40 170 171 108 173 174 110 181 53 118 121 122 188 124 62 126 190 1974.92
39 193 66 133 8 136 138 75 13 143 15 145 19 84 151 87 152 159 97 163 35 36 101 40 170 171 108 173 174 110 181 53 118 121 122 188 124 62 126 190 1154.75
40 193 66 133 8 136 138 75 13 143 15 145 19 84 151 87 152 159 97 163 35 36 101 38 40 170 171 108 173 174 110 114 181 53 118 121 122 124 62 126 190 135.80
40 193 66 133 8 136 138 75 13 143 15 145 19 147 84 151 87 152 159 97 163 35 36 101 38 40 170 171 108 173 174 110 114 181 53 118 121 122 124 126 190 902.62
40 193 66 68 133 8 136 138 75 13 143 15 145 19 147 84 151 87 152 159 97 163 35 36 38 40 170 171 108 173 174 110 114 181 53 118 121 122 124 126 190 2133.99
39 193 66 68 133 8 136 138 13 143 15 145 19 147 84 151 87 152 159 97 163 35 36 38 40 170 171 108 173 174 110 114 181 53 118 121 122 124 126 190 627.90
38 193 66 68 133 8 136 138 13 143 15 145 19 147 84 151 87 152 159 97 163 35 36 38 40 170 171 108 173 174 110 114 53 118 121 122 124 126 190 607.47
37 193 66 68 133 8 136 138 13 143 15 145 19 147 84 151 87 152 159 97 163 35 36 38 40 170 171 108 173 174 110 114 53 118 121 124 126 190 1227.18
36 193 66 68 133 8 136 138 13 143 15 145 19 147 84 151 87 152 159 97 163 35 38 40 170 171 108 173 174 110 114 53 118 121 124 126 190 231.41
35 193 66 68 133 8 138 13 143 15 145 19 147 84 151 87 152 159 97 163 35 38 40 170 171 108 173 174 110 114 53 118 121 124 126 190 180.76
35 193 68 133 8 138 13 143 15 145 19 147 84 151 87 152 159 97 33 163 35 38 40 170 171 108 173 174 110 114 53 118 121 124 126 190 109.27
34 193 68 133 8 138 13 143 15 145 19 147 84 151 87 152 159 97 33 163 35 38 40 170 171 108 174 110 114 53 118 121 124 126 190 485.47
33 193 68 133 8 138 13 143 15 145 19 147 84 151 87 152 159 97 33 163 35 38 40 170 171 108 174 110 114 118 121 124 126 190 184.30
34 193 68 133 8 138 13 143 15 145 19 147 84 151 87 152 155 159 97 33 163 35 38 40 104 170 171 108 174 110 114 121 124 126 190 19.03
33 193 68 133 8 138 13 143 15 145 19 147 84 151 87 152 155 159 97 33 163 35 38 40 104 170 108 174 110 114 121 124 126 190 77.60
34 193 68 133 8 138 13 143 15 145 19 147 84 151 87 152 24 155 159 97 33 163 35 38 40 104 168 170 108 174 110 114 121 124 190 327.52
34 68 133 8 138 13 143 15 145 19 147 84 151 87 152 24 155 159 97 33 163 35 38 40 104 168 170 108 174 110 114 120 121 124 190 206.80
33 68 133 8 138 13 143 15 145 19 147 84 151 87 152 24 155 159 97 33 163 38 40 104 168 170 108 174 110 114 120 121 124 190 51.70
32 68 133 8 138 13 143 15 145 19 147 84 151 87 152 24 155 159 97 33 38 40 104 168 170 108 174 110 114 120 121 124 190 659.61
32 68 133 8 138 13 143 15 145 19 147 84 87 152 24 155 159 97 33 38 103 40 104 168 170 108 174 110 114 120 121 124 190 705.95
32 196 133 8 138 13 143 15 145 19 147 84 87 152 24 155 159 97 33 38 103 40 104 168 170 108 174 110 114 120 121 124 190 2131.57
33 196 133 69 8 138 76 13 143 15 145 19 147 84 87 152 24 155 97 33 38 103 40 104 168 170 108 174 110 114 120 121 124 190 400.67
33 196 133 69 8 76 13 143 15 145 19 147 84 87 152 24 155 97 33 38 103 40 104 168 170 108 174 110 114 179 120 121 124 190 737.20
34 128 196 133 69 8 76 13 15 145 19 147 84 87 152 24 155 97 33 38 103 40 104 168 170 108 174 110 111 114 179 120 121 124 190 38.80
35 128 196 133 69 8 76 12 13 78 15 19 147 84 87 152 24 155 97 33 38 103 40 104 168 170 108 174 110 111 114 179 120 121 124 190 899.44
36 128 196 133 69 76 12 13 78 15 19 147 84 87 152 24 155 97 33 38 103 40 104 168 170 108 45 174 110 111 114 179 116 120 121 124 190 621.04
36 128 196 133 69 76 12 13 78 15 19 147 84 87 152 155 97 33 38 102 103 40 104 168 170 108 45 174 110 111 114 179 116 120 121 124 190 2005.50
35 128 196 133 69 76 12 13 78 15 19 147 87 152 155 97 33 38 102 103 40 104 168 170 108 45 174 110 111 114 179 116 120 121 124 190 1955.04
34 128 196 133 69 76 12 13 78 15 19 147 87 152 155 97 33 38 102 103 40 104 168 170 108 45 174 110 111 114 179 116 120 124 190 1270.70
33 128 196 133 69 76 12 13 78 15 19 147 87 152 155 97 33 38 102 103 40 104 168 170 108 45 174 111 114 179 116 120 124 190 88.89
32 128 196 133 69 76 13 78 15 19 147 87 152 155 97 33 38 102 103 40 104 168 170 108 45 174 111 114 179 116 120 124 190 1077.12
31 196 133 69 76 13 78 15 19 147 87 152 155 97 33 38 102 103 40 104 168 170 108 45 174 111 114 179 116 120 124 190 38.04
31 196 133 69 76 13 78 15 19 147 87 152 155 97 33 38 102 103 40 104 168 170 108 45 111 114 179 116 120 124 60 190 297.53
30 196 133 69 13 78 15 19 147 87 152 155 97 33 38 102 103 40 104 168 170 108 45 111 114 179 116 120 124 60 190 195.99
29 196 133 69 13 78 15 19 147 87 152 155 97 33 102 103 40 104 168 170 108 45 111 114 179 116 120 124 60 190 145.88
28 196 133 69 13 78 15 19 147 87 152 155 97 33 102 103 40 104 168 170 45 111 114 179 116 120 124 60 190 14.46
27 196 133 69 13 78 15 19 147 87 152 155 97 33 102 103 40 104 168 170 45 111 114 179 116 120 60 190 116.32
26 196 133 69 13 78 15 19 147 87 152 155 97 102 103 40 104 168 170 45 111 114 179 116 120 60 190 526.37
26 196 133 69 13 78 15 19 147 22 87 152 155 97 102 103 40 104 168 170 45 111 179 116 120 60 190 92.09
25 196 133 69 13 78 15 19 147 22 87 152 97 102 103 40 104 168 170 45 111 179 116 120 60 190 403.42
24 97 196 133 69 102 103 40 104 168 170 13 45 78 15 111 19 147 179 116 22 87 152 60 190 325.28
23 97 133 69 102 103 40 104 168 170 13 45 78 15 111 19 147 179 116 22 87 152 60 190 204.48
24 97 133 69 102 103 104 168 170 13 45 78 15 111 19 147 179 116 22 87 152 185 60 28 190 1652.87
25 133 69 13 78 15 19 22 87 152 28 97 102 103 104 168 41 170 43 45 111 179 116 185 60 190 1917.93
24 97 133 69 102 103 104 168 41 170 43 13 45 78 15 111 19 179 116 22 152 185 28 60 190 522.64
23 97 133 69 102 104 168 41 170 43 13 45 78 15 111 19 179 116 22 152 185 28 60 190 1533.06
22 97 133 69 102 104 168 41 170 43 13 45 78 15 111 19 116 22 152 185 28 60 190 436.49
21 97 69 102 104 168 41 170 43 13 45 78 15 111 19 116 22 152 185 28 60 190 632.97
20 97 69 102 104 168 41 170 43 13 78 15 111 19 116 22 152 185 28 60 190 1122.92
19 97 69 102 104 168 41 170 43 13 78 15 111 19 22 152 185 28 60 190 164.79
18 97 69 102 104 168 41 170 43 13 78 15 111 19 22 152 185 28 190 353.91
18 69 102 71 104 168 41 170 43 13 78 15 111 19 22 152 185 28 190 678.56
17 69 102 71 104 168 41 170 43 13 78 15 111 19 152 185 28 190 339.50
16 69 102 71 104 168 41 170 43 13 78 15 19 152 185 28 190 12.68
15 69 102 71 104 168 41 170 43 13 78 15 152 185 28 190 1601.15
14 69 102 71 104 168 41 170 43 13 78 15 152 28 190 1293.86
13 69 102 71 104 168 41 170 43 78 15 152 28 190 138.63
12 69 102 71 104 168 152 41 43 28 78 190 15 72.73
11 69 102 104 168 152 41 43 28 78 190 15 19.60
10 69 102 104 152 41 43 28 78 190 15 129.34
10 69 102 152 41 89 43 28 78 190 15 57.08
9 69 102 152 41 89 43 28 78 15 695.97
8 69 102 152 89 43 28 78 15 122.09
6 69 102 89 43 28 78 766.78
5 69 89 43 28 78 1416.00
5 0 69 89 43 28 97.00
4 0 69 89 28 13.00
4 0 100 89 28 569.00
3 0 100 28 961.00
2 0 100 1852.00
1 100 2233.00
133193.44
50_XPY 50_XPY 65_XPY 65_XPY 25_COPY 1000_QR 200_SUM 500_SUM 1200_QR 25_COPY 350_SUM 40_COPY 20_XPY 55_COPY 35_XPY 55_COPY 25_COPY 200_SUM 10_COPY 40_COPY 20_XPY 1300_QR 1000_QR 25_COPY 200_SUM 500_SUM 1000_QR 10_COPY 55_COPY 20_XPY 35_XPY 500_SUM 25_COPY 1000_QR 20_XPY 1000_QR 1300_QR 350_SUM 500_SUM 500_SUM 40_COPY 25_COPY 1300_QR 1300_QR 40_COPY 500_SUM 650_SUM 65_XPY 35_XPY 10_COPY 1200_QR 1200_QR 20_XPY 35_XPY 350_SUM 20_XPY 200_SUM 1200_QR 1200_QR 1200_QR 1000_QR 20_XPY 650_SUM 40_COPY 65_XPY 20_XPY 55_COPY 25_COPY 200_SUM 55_COPY 20_XPY 10_COPY 1000_QR 1100_QR 1100_QR 650_SUM 10_COPY 20_XPY 55_COPY 200_SUM 500_SUM 500_SUM 350_SUM 35_XPY 25_COPY 1100_QR 20_XPY 1300_QR 65_XPY 1100_QR 1200_QR 25_COPY 1300_QR 50_XPY 500_SUM 1000_QR 35_XPY 55_COPY 1100_QR 10_COPY 40_COPY 20_XPY 40_COPY 500_SUM 40_COPY 1200_QR 35_XPY 1100_QR 55_COPY 10_COPY 650_SUM 650_SUM 500_SUM 500_SUM 1100_QR 20_XPY 1100_QR 1300_QR 650_SUM 1100_QR 50_XPY 500_SUM 1000_QR 35_XPY 25_COPY 55_COPY 650_SUM 35_XPY 200_SUM 500_SUM 1000_QR 1200_QR 350_SUM 1300_QR 40_COPY 1300_QR 10_COPY 35_XPY 1000_QR 50_XPY 1000_QR 40_COPY 40_COPY 650_SUM 1100_QR 650_SUM 500_SUM 650_SUM 55_COPY 50_XPY 35_XPY 55_COPY 55_COPY 50_XPY 1300_QR 1000_QR 50_XPY 50_XPY 1200_QR 650_SUM 10_COPY 1300_QR 1000_QR 1000_QR 1100_QR 20_XPY 1000_QR 50_XPY 1300_QR 20_XPY 55_COPY 55_COPY 65_XPY 25_COPY 40_COPY 35_XPY 55_COPY 20_XPY 1100_QR 500_SUM 1100_QR 55_COPY 35_XPY 20_XPY 20_XPY 65_XPY 1100_QR 350_SUM 200_SUM 1300_QR 55_COPY 1100_QR 35_XPY 1100_QR 1100_QR 65_XPY 350_SUM 350_SUM 25_COPY 1100_QR 