184
21 124 122 52 3 183 101 115 46 81 94 56 67 62 64 123 88 119 168 34 44 76 5633.20
23 34 3 67 101 168 44 76 46 81 115 52 20 183 119 56 88 122 154 91 124 94 62 158 600.32
26 130 3 67 199 76 81 20 88 154 91 94 158 34 101 168 44 173 46 113 115 183 119 56 184 60 62 3078.55
28 130 3 67 199 81 20 148 88 154 91 94 158 34 100 101 38 168 173 46 113 114 115 183 119 56 184 60 62 455.60
29 130 3 67 199 12 78 81 20 148 88 154 91 94 158 34 100 101 38 168 173 46 113 114 183 119 56 184 60 62 253.01
28 130 3 67 199 12 78 81 148 88 154 91 94 158 34 100 101 38 168 173 46 113 114 183 119 56 184 60 62 800.05
29 130 3 67 199 12 78 79 81 148 88 154 91 94 158 34 100 101 38 168 173 46 113 114 183 119 56 60 125 62 902.45
29 130 3 67 199 12 78 79 81 148 88 91 94 158 34 35 100 101 38 168 173 46 113 114 183 119 56 60 125 62 2250.24
30 129 130 3 67 199 12 78 79 15 81 148 88 91 94 158 35 100 38 168 173 46 113 114 183 119 56 121 60 125 62 537.32
31 129 130 67 199 12 78 79 15 81 148 88 91 94 158 35 100 38 168 171 173 46 113 114 183 119 56 121 60 125 62 191 48.72
31 129 130 67 199 12 78 79 15 81 148 88 91 94 158 35 100 38 168 171 173 46 114 183 119 56 121 60 188 125 62 191 1004.34
32 192 129 130 67 199 12 78 79 15 81 148 88 25 91 94 158 35 38 168 171 173 46 114 183 119 56 121 60 188 125 62 191 1600.55
33 192 129 130 67 68 199 12 78 79 15 81 147 148 88 25 91 94 158 35 38 168 171 173 46 114 183 119 56 121 60 188 125 191 998.37
34 192 129 130 67 68 199 78 79 15 81 147 148 88 25 91 29 94 158 35 38 168 106 171 173 46 114 183 119 56 121 60 188 125 191 1538.07
34 192 129 130 67 68 78 79 15 81 147 148 88 25 91 29 94 158 35 38 168 106 171 173 46 114 54 183 119 56 121 60 188 125 191 5567.83
36 192 129 130 67 68 78 79 15 81 146 147 148 86 88 25 91 29 94 158 160 35 38 168 106 171 46 114 54 183 119 56 121 188 125 191 127 2149.17
37 192 129 130 67 68 78 79 81 146 147 148 86 88 25 91 29 94 158 160 35 38 168 106 171 46 114 179 54 183 119 56 121 187 188 125 191 127 1466.98
36 192 130 67 68 78 79 81 146 147 148 86 88 25 91 29 94 158 160 35 38 168 106 171 46 114 179 54 183 119 56 121 187 188 125 191 127 1574.11
37 192 130 67 68 5 79 81 146 147 148 86 88 25 91 29 94 158 160 35 38 168 106 171 46 114 179 54 183 119 56 121 187 188 125 61 191 127 558.48
37 192 130 67 68 5 79 81 145 146 147 148 86 88 25 91 29 94 158 160 35 38 168 106 171 46 114 179 54 183 56 121 187 188 125 61 191 127 332.86
39 192 130 2 67 68 5 79 81 145 146 147 148 86 88 25 90 29 94 160 35 38 168 169 106 171 46 174 114 179 54 183 56 121 187 188 125 61 191 127 205.76
40 192 130 2 67 68 5 79 81 145 146 147 148 86 25 90 92 29 94 160 32 35 38 102 169 106 171 46 174 114 179 54 183 56 121 187 188 125 61 191 127 481.43
40 192 130 2 67 68 5 79 81 145 146 147 148 86 25 90 92 29 94 31 160 32 35 38 102 169 106 171 46 174 114 179 54 183 56 121 187 188 61 191 127 658.31
40 192 130 2 67 68 5 79 81 145 146 147 148 86 25 90 26 92 29 94 31 160 32 35 38 102 169 171 46 174 114 179 54 183 56 121 187 188 61 191 127 688.70
40 192 130 2 67 68 5 79 81 145 146 147 148 86 22 25 90 26 92 29 94 31 160 32 35 102 169 171 46 174 114 179 54 183 56 121 187 188 61 191 127 38.04
40 192 130 2 67 68 5 141 79 80 145 146 147 148 86 22 25 90 26 92 29 31 160 32 35 102 169 171 174 114 179 54 183 56 121 187 188 61 191 127 63 241.96
40 192 130 2 67 68 5 141 79 80 145 146 147 148 86 22 25 90 26 92 29 31 160 32 35 102 39 169 171 174 114 179 54 183 56 187 188 61 191 127 63 642.79
40 192 130 2 67 68 5 141 79 80 145 146 18 147 148 86 22 25 90 26 92 29 31 160 32 102 39 169 171 174 114 179 54 183 56 187 188 61 191 127 63 329.59
40 192 130 2 67 68 5 141 79 80 145 146 18 147 148 86 22 25 90 26 92 29 31 160 32 164 102 39 169 171 174 114 179 183 56 187 188 61 191 127 63 59.51
40 192 130 2 67 68 5 141 79 80 145 146 18 147 148 22 25 90 26 92 29 93 31 160 32 164 102 39 169 171 174 114 179 183 56 187 188 61 191 127 63 1559.72
40 192 130 2 67 68 5 134 141 79 80 145 146 18 147 148 22 25 90 26 92 29 93 31 160 32 164 102 39 169 171 174 114 179 56 187 188 61 191 127 63 1107.76
40 192 130 2 67 68 5 134 141 79 80 145 146 18 147 148 22 25 90 26 92 29 93 31 160 32 164 102 39 169 171 108 174 114 179 56 187 188 191 127 63 1401.28
40 192 130 2 67 68 5 134 141 79 80 145 146 18 147 148 22 150 90 26 92 29 93 31 160 32 164 102 39 169 171 108 174 114 179 56 187 188 191 127 63 40.10
40 192 130 2 67 68 5 134 141 79 80 145 146 18 148 22 150 90 26 92 29 93 31 160 32 164 102 39 169 41 171 108 174 114 179 56 187 188 191 127 63 1117.11
40 192 130 2 67 68 5 134 141 79 80 144 145 146 18 148 22 150 90 26 92 29 93 31 160 32 164 102 39 169 41 171 108 174 114 179 56 188 191 127 63 866.14
40 192 65 130 2 67 68 5 134 141 79 80 144 145 146 18 148 22 150 26 92 29 93 31 160 32 164 102 39 169 41 171 108 174 114 179 56 188 191 127 63 1576.84
40 192 65 130 2 67 68 5 134 141 79 80 144 145 146 18 148 22 150 26 92 29 93 31 160 32 164 102 39 169 41 171 108 172 174 114 56 188 191 127 63 849.87
40 192 65 130 2 67 68 5 134 141 79 80 144 145 146 18 148 22 150 26 92 29 93 31 160 32 96 164 102 39 169 41 108 172 174 114 55 56 188 127 63 636.86
40 192 65 130 67 68 5 134 141 79 80 144 145 146 18 148 22 150 26 92 29 93 31 160 32 96 164 102 39 169 41 43 108 172 174 114 55 56 188 127 63 368.60
40 192 65 130 67 5 134 137 141 79 80 144 145 146 18 148 22 150 26 92 29 93 31 160 32 96 164 102 39 169 41 43 108 172 174 114 55 56 188 127 63 42.49
40 65 130 67 5 134 72 137 141 79 80 144 145 146 18 148 22 150 26 92 29 93 31 160 32 96 164 102 39 169 41 43 108 172 174 114 55 56 188 127 63 1790.51
40 65 130 67 5 134 72 137 141 79 80 144 16 145 18 148 22 150 26 92 29 93 31 160 32 96 163 164 102 39 169 41 43 108 172 174 114 55 56 188 63 418.86
40 65 130 67 5 134 198 72 137 141 79 80 144 16 145 18 22 150 26 92 29 93 31 160 32 96 163 164 102 39 169 41 43 108 172 174 114 55 56 188 63 50.74
40 65 130 67 5 134 198 72 137 141 79 80 144 16 145 18 82 22 150 26 92 29 93 31 160 32 96 163 164 102 39 169 41 43 108 172 174 114 55 188 63 332.86
40 65 130 67 5 134 198 72 137 141 79 80 144 16 145 18 82 22 150 26 92 93 31 160 32 96 163 164 102 39 169 41 43 108 172 174 112 114 55 188 63 1905.35
40 65 130 67 5 198 72 137 141 79 80 144 16 145 18 82 22 150 26 92 93 30 31 160 32 96 163 164 102 39 169 41 43 108 172 174 112 114 55 188 63 491.15
40 65 130 67 5 198 72 137 139 141 79 80 144 16 145 82 22 150 26 92 93 30 31 160 32 96 163 164 102 39 169 41 43 108 172 174 112 114 55 188 63 196.62
40 65 130 5 198 72 137 139 141 79 80 144 16 145 82 22 150 26 92 93 30 31 160 32 96 163 164 102 39 169 41 43 108 172 174 112 114 118 55 188 63 619.83
40 65 130 5 198 72 136 137 139 141 79 80 144 16 145 82 22 150 26 92 93 30 31 160 32 96 163 164 102 39 41 43 108 172 174 112 114 118 55 188 63 2887.35
40 65 130 5 198 72 136 137 139 141 79 80 144 16 145 82 149 22 150 26 92 93 30 31 160 32 96 164 102 39 41 43 108 172 174 112 114 118 55 188 63 334.09
40 130 5 198 72 136 137 139 141 79 80 144 16 145 82 19 149 22 150 26 92 93 30 31 160 32 96 164 102 39 41 43 108 172 174 112 114 118 55 188 63 681.36
40 130 5 198 72 136 137 139 141 14 79 80 144 16 145 82 19 149 22 150 26 92 93 30 31 32 96 164 102 39 41 43 108 172 112 114 118 55 188 189 63 1682.15
40 130 5 197 198 72 136 137 139 141 14 79 80 144 16 145 82 19 149 22 150 26 92 93 31 32 96 164 102 39 41 43 108 172 112 114 118 55 188 189 63 617.08
40 193 130 5 197 198 72 136 137 139 141 14 79 80 144 16 145 82 19 149 22 150 26 92 93 31 32 96 164 102 41 43 108 172 112 114 118 55 188 189 63 160.70
40 193 130 5 197 198 72 136 137 139 141 77 14 79 80 144 16 145 82 19 149 150 26 92 93 31 32 96 164 102 41 43 108 172 112 114 118 55 188 189 63 546.34
40 193 130 5 197 198 72 136 137 139 141 77 14 79 80 144 16 145 82 19 149 85 150 26 92 93 32 96 164 102 41 43 108 172 112 114 118 55 188 189 63 256.78
40 193 130 132 5 197 198 72 136 137 139 141 77 14 80 144 16 145 82 19 149 85 150 26 92 93 32 96 164 102 41 43 108 172 112 114 118 55 188 189 63 1130.54
40 193 130 132 5 197 198 72 136 137 139 77 14 80 144 16 145 82 19 149 85 150 26 92 93 157 32 96 164 102 41 43 108 172 112 114 118 55 188 189 63 187.93
40 193 130 132 5 197 198 72 136 137 139 77 14 80 144 145 82 19 149 85 150 26 92 93 157 32 96 164 102 41 43 108 172 112 114 53 118 55 188 189 63 106.70
40 193 130 132 5 197 198 72 136 137 139 77 14 80 144 145 82 19 84 149 85 150 26 93 157 32 96 164 102 41 43 108 172 112 114 53 118 55 188 189 63 313.21
40 193 130 132 5 197 72 136 137 139 77 14 80 144 145 82 19 84 149 85 150 26 93 157 32 96 164 102 41 43 108 172 47 112 114 53 118 55 188 189 63 252.04
40 193 130 132 5 197 136 137 139 77 14 80 144 145 82 19 84 149 85 150 26 93 157 32 96 164 102 166 41 43 108 172 47 112 114 53 118 55 188 189 63 572.30
40 193 130 132 5 197 136 137 139 77 14 80 144 145 82 19 84 149 85 150 93 157 32 96 98 164 102 166 41 43 108 172 47 112 114 53 118 55 188 189 63 1287.75
40 193 130 132 5 197 136 137 139 77 14 80 144 145 82 19 84 149 85 150 93 157 32 96 98 164 102 166 41 43 108 47 112 114 53 117 118 55 188 189 63 114.16
40 193 130 132 5 197 136 137 139 77 14 80 144 145 82 19 84 149 85 150 93 157 32 96 98 164 102 166 41 43 108 110 47 112 53 117 118 55 188 189 63 414.41
40 193 130 132 5 197 133 136 137 139 77 14 80 145 82 19 84 149 85 150 93 157 32 96 98 164 102 166 41 43 108 110 47 112 53 117 118 55 188 189 63 325.94
40 193 1 130 132 5 197 133 136 137 139 77 14 80 145 82 19 84 149 85 150 93 157 32 98 164 102 166 41 43 108 110 47 112 53 117 118 55 188 189 63 133.15
40 193 1 130 132 5 197 133 6 136 137 139 77 14 80 145 82 19 84 149 85 150 93 157 32 98 164 102 166 41 43 108 110 47 112 53 117 118 55 189 63 323.97
40 193 1 130 132 5 197 133 6 135 136 137 139 77 14 80 145 82 19 84 85 150 93 157 32 98 164 102 166 41 43 108 110 47 112 53 117 118 55 189 63 177.49
40 193 1 130 132 5 197 133 6 135 137 139 77 14 80 145 82 19 84 85 150 93 157 159 32 98 164 102 166 41 43 108 110 47 112 53 117 118 55 189 63 786.13
40 193 1 130 132 5 197 133 6 135 137 139 77 14 80 145 82 19 84 85 150 93 157 159 32 33 98 102 166 41 43 108 110 47 112 53 117 118 55 189 63 228.33
40 193 1 132 5 197 133 6 135 137 139 77 14 80 145 82 19 84 85 150 93 157 159 32 33 98 102 166 41 43 108 110 47 112 51 53 117 118 55 189 63 178.51
40 193 1 132 5 197 133 6 135 137 139 77 14 80 145 82 19 84 85 150 93 157 159 32 33 98 102 166 42 43 108 110 47 112 51 53 117 118 55 189 63 979.06
40 193 1 132 5 197 133 6 135 137 139 77 14 80 145 82 19 84 85 150 89 93 157 159 32 33 98 102 166 42 43 108 110 47 112 51 53 117 55 189 63 7038.06
40 193 1 5 197 133 6 135 137 139 77 14 80 145 82 19 84 85 150 89 93 157 159 32 33 98 102 166 104 42 43 108 110 47 112 51 53 117 55 189 63 206.80
40 193 1 5 197 133 6 135 137 139 77 80 145 82 19 84 85 150 89 155 93 157 159 32 33 98 102 166 104 42 43 108 110 47 112 51 53 117 55 189 63 1214.87
40 193 1 5 197 133 6 135 137 139 77 80 145 82 19 84 85 150 24 89 155 93 157 159 32 33 98 102 166 104 42 43 108 110 47 51 53 117 55 189 63 561.50
40 193 1 5 197 133 6 135 137 139 77 80 145 82 19 84 85 150 24 89 155 156 93 157 159 32 33 98 102 104 42 43 108 110 47 51 53 117 55 189 63 3095.03
40 193 1 5 197 133 6 135 137 77 80 145 82 19 84 85 150 24 89 155 156 93 157 159 32 33 161 98 102 104 42 43 108 110 47 51 53 117 55 189 63 203.05
40 193 1 131 5 197 133 6 135 137 77 80 145 82 19 84 85 150 24 89 155 156 93 159 32 33 161 98 102 104 42 43 108 110 47 51 53 117 55 189 63 154.85
40 193 1 131 5 197 133 6 135 137 80 145 82 19 83 84 85 150 24 89 155 156 93 159 32 33 161 98 102 104 42 43 108 110 47 51 53 117 55 189 63 541.99
40 193 1 131 5 197 133 6 135 137 80 145 82 19 83 84 150 87 24 89 155 156 93 159 32 33 161 98 102 104 42 43 108 110 47 51 53 117 55 189 63 1974.40
40 193 1 131 5 197 133 6 135 137 11 80 145 82 19 83 84 150 87 24 89 155 156 93 159 32 33 161 98 102 104 42 43 108 110 51 53 117 55 189 63 481.25
40 193 1 131 5 197 133 6 135 137 74 11 80 145 82 19 83 84 150 87 24 89 155 156 93 159 32 33 161 98 102 104 42 43 108 110 51 117 55 189 63 348.42
40 193 1 131 5 197 133 6 135 137 74 11 80 145 82 19 83 84 150 87 24 89 155 156 93 159 32 33 161 102 104 42 43 108 110 51 117 55 57 189 63 1287.23
40 193 1 131 5 197 133 6 135 137 74 11 80 145 82 19 83 84 150 87 23 24 89 155 156 93 159 32 33 161 102 104 42 43 108 110 51 55 57 189 63 918.55
40 193 1 131 5 197 133 6 135 137 74 11 80 145 82 19 83 84 150 87 23 24 89 155 156 93 159 32 33 161 102 104 42 108 110 51 182 55 57 189 63 367.42
40 193 1 131 5 197 133 6 135 74 11 75 80 145 82 19 83 84 150 87 23 24 89 155 156 93 159 32 33 161 102 104 42 108 110 51 182 55 57 189 63 1036.64
40 193 1 131 197 133 6 135 74 11 75 80 145 82 19 83 84 150 87 23 24 89 155 156 93 159 32 33 161 102 104 42 108 110 51 181 182 55 57 189 63 551.61
40 193 1 131 196 197 133 6 135 74 11 75 80 82 19 83 84 150 87 23 24 89 155 156 93 159 32 33 161 102 104 42 108 110 51 181 182 55 57 189 63 523.08
40 193 1 131 196 197 133 6 135 74 11 75 140 80 82 19 83 84 150 87 23 24 89 155 156 93 159 32 33 161 104 42 108 110 51 181 182 55 57 189 63 1864.06
40 193 1 131 196 197 133 6 135 74 11 75 140 80 82 19 83 84 150 87 23 24 89 153 155 156 93 159 32 33 161 104 42 108 110 51 181 182 55 57 189 79.34
40 193 1 131 196 197 133 6 135 74 11 75 140 80 82 19 83 84 150 23 24 89 153 155 156 93 159 95 32 33 161 104 42 108 110 51 181 182 55 57 189 184.14
40 193 1 66 131 196 197 133 6 135 74 11 75 140 80 82 19 83 150 23 24 89 153 155 156 93 159 95 32 33 161 104 42 108 110 51 181 182 55 57 189 998.60
40 193 1 66 131 196 197 133 6 135 9 74 11 75 140 80 82 19 83 150 23 24 89 153 155 156 159 95 32 33 161 104 42 108 110 51 181 182 55 57 189 669.30
40 193 66 131 196 197 133 6 135 9 74 11 75 140 80 82 19 83 150 23 24 89 153 155 156 159 95 32 33 161 104 42 108 110 51 181 182 55 57 189 126 126.10
40 193 66 131 196 4 197 133 135 9 74 11 75 140 80 82 19 83 150 23 24 89 153 155 156 159 95 32 33 161 104 42 108 110 51 181 182 55 57 189 126 125.34
40 193 66 131 196 4 197 133 135 9 74 11 75 140 80 82 19 83 150 23 24 152 89 153 155 156 159 95 32 33 161 104 42 108 110 181 182 55 57 189 126 203.70
40 193 66 131 196 4 197 133 9 74 11 75 140 80 82 19 83 150 23 24 152 89 153 155 156 159 95 32 33 161 104 42 108 110 180 181 182 55 57 189 126 174.60
40 193 66 131 196 4 197 133 9 74 11 75 140 80 82 19 83 150 23 24 152 89 153 155 156 95 32 33 161 104 42 108 110 180 181 182 55 57 58 189 126 665.73
40 193 66 131 196 4 197 9 74 11 75 140 80 82 19 83 150 23 24 152 89 153 155 156 95 32 33 161 104 42 108 110 48 180 181 182 55 57 58 189 126 170.99
40 193 66 131 196 4 197 9 74 11 75 140 80 82 19 83 150 23 24 152 89 153 155 156 95 32 33 161 42 108 110 48 178 180 181 182 55 57 58 189 126 561.12
40 193 66 131 196 4 197 9 74 11 75 140 80 82 19 83 150 23 24 152 89 153 155 156 95 32 33 161 42 110 48 177 178 180 181 182 55 57 58 189 126 1005.68
40 193 66 131 196 4 197 9 74 11 75 140 80 82 19 83 21 150 23 24 152 89 153 155 156 95 32 161 42 110 48 177 178 180 181 182 55 57 58 189 126 132.27
40 193 66 131 196 4 197 9 74 11 75 140 80 82 83 21 150 23 24 152 89 153 155 156 95 32 161 103 42 110 48 177 178 180 181 182 55 57 58 189 126 276.21
40 193 66 131 196 4 197 9 74 11 75 140 80 82 83 21 150 23 24 152 89 153 155 156 95 32 161 103 110 48 177 178 180 181 182 55 57 58 59 189 126 10.69
40 193 66 131 196 4 197 69 9 74 11 75 140 80 82 83 21 150 23 24 152 89 153 155 95 32 161 103 110 48 177 178 180 181 182 55 57 58 59 189 126 2072.25
40 193 66 131 196 4 69 9 73 74 11 75 140 80 82 83 21 150 23 24 152 89 153 155 95 32 161 103 110 48 177 178 180 181 182 55 57 58 59 189 126 559.23
40 193 66 131 196 4 69 9 73 74 11 75 140 80 82 83 21 150 23 24 152 153 155 95 32 161 103 167 110 48 177 178 180 181 182 55 57 58 59 189 126 1573.59
40 193 66 131 196 4 69 9 73 74 11 75 140 80 82 83 21 150 23 24 152 153 155 32 161 36 103 167 110 48 177 178 180 181 182 55 57 58 59 189 126 67.93
40 193 66 194 131 196 4 69 73 74 11 75 140 80 82 83 21 150 23 24 152 153 155 32 161 36 103 167 110 48 177 178 180 181 182 55 57 58 59 189 126 171.19
40 193 66 194 131 196 4 69 73 74 11 75 140 80 82 83 21 150 23 24 152 153 155 32 161 36 37 103 167 110 48 177 178 180 181 182 57 58 59 189 126 95.14
40 193 66 194 131 196 4 69 73 74 11 75 140 80 82 83 21 150 23 24 152 153 155 161 36 37 103 167 107 110 48 177 178 180 181 182 57 58 59 189 126 687.35
40 193 66 194 131 196 4 69 70 73 74 11 140 80 82 83 21 150 23 24 152 153 155 161 36 37 103 167 107 110 48 177 178 180 181 182 57 58 59 189 126 2697.65
40 193 66 194 131 196 4 69 70 73 74 10 11 140 80 82 83 150 23 24 152 153 155 161 36 37 103 167 107 110 48 177 178 180 181 182 57 58 59 189 126 135.50
40 193 66 194 131 196 4 69 70 73 74 10 140 80 82 83 150 23 24 152 153 155 161 36 37 103 167 107 110 175 48 177 178 180 181 182 57 58 59 189 126 281.41
40 193 66 194 131 196 4 70 73 74 10 140 80 82 83 150 23 24 152 153 155 161 36 37 103 167 105 107 110 175 48 177 178 180 181 182 57 58 59 189 126 1246.29
40 193 66 194 131 196 4 70 73 74 10 140 82 83 150 23 24 152 153 155 161 36 37 165 103 167 105 107 110 175 48 177 178 180 181 182 57 58 59 189 126 173.79
40 193 66 194 131 196 4 70 8 73 74 10 140 82 83 150 23 24 152 153 155 161 36 37 165 103 167 105 107 110 175 48 177 178 180 181 182 58 59 189 126 767.36
40 193 66 194 131 196 4 70 8 73 74 10 140 143 82 83 150 23 24 152 153 155 161 36 37 165 103 167 105 107 110 175 48 177 180 181 182 58 59 189 126 571.03
40 193 66 194 131 196 4 70 7 8 73 74 10 140 143 82 83 150 23 24 152 153 155 161 36 37 165 103 167 105 107 110 175 48 177 180 181 58 59 189 126 300.11
40 193 66 194 131 196 4 70 7 8 73 74 10 140 142 143 82 83 150 23 24 153 155 161 36 37 165 103 167 105 107 110 175 48 177 180 181 58 59 189 126 96.18
39 193 66 194 131 196 4 70 7 8 73 74 10 142 143 82 83 150 23 24 153 155 161 36 37 165 103 167 105 107 110 175 48 177 180 181 58 59 189 126 856.23
38 193 66 194 131 196 4 70 7 8 73 74 10 142 143 82 83 23 24 153 155 161 36 37 165 103 167 105 107 110 175 48 177 180 181 58 59 189 126 154.85
37 193 66 194 131 196 4 70 7 8 73 74 10 142 143 82 83 23 24 153 155 161 36 37 165 103 167 105 107 110 175 48 177 180 58 59 189 126 183.92
36 193 66 194 131 196 4 70 7 8 73 10 142 143 82 83 23 24 153 155 161 36 37 165 103 167 105 107 110 175 48 177 180 58 59 189 126 456.38
35 193 66 194 131 196 4 70 7 8 73 10 142 143 82 83 23 24 153 155 36 37 165 103 167 105 107 110 175 48 177 180 58 59 189 126 219.08
34 193 66 194 131 196 4 70 7 8 73 10 142 143 82 83 23 24 155 36 37 165 103 167 105 107 110 175 48 177 180 58 59 189 126 232.89
33 193 66 194 131 196 4 7 8 73 10 142 143 82 83 23 24 155 36 37 165 103 167 105 107 110 175 48 177 180 58 59 189 126 646.71
32 193 66 194 131 196 4 7 8 73 10 142 143 82 83 23 24 155 36 37 165 103 167 105 107 110 175 48 177 180 58 59 126 1745.49
33 193 66 194 131 196 4 7 8 73 10 142 143 82 83 23 24 155 97 36 37 165 103 167 40 105 107 110 175 48 180 58 59 126 44.38
33 66 194 131 196 4 7 8 73 10 142 143 82 83 23 24 155 97 36 37 165 103 167 40 105 107 110 175 48 180 120 58 59 126 504.40
32 66 194 131 196 4 7 8 73 10 142 143 82 83 24 155 97 36 37 165 103 167 40 105 107 110 175 48 180 120 58 59 126 1673.90
31 66 194 131 196 4 7 8 73 10 143 82 83 24 155 97 36 37 165 103 167 40 105 107 110 175 48 180 120 58 59 126 38.28
29 66 194 131 196 4 7 8 73 10 143 82 83 24 155 97 36 37 165 103 167 40 105 107 110 48 180 120 58 59 127.00
29 66 194 131 196 7 8 73 10 143 82 83 24 155 27 97 36 37 165 103 167 40 105 107 110 48 180 120 58 59 413.60
30 66 194 131 196 7 71 8 73 10 143 82 83 24 155 27 97 36 37 165 103 40 105 107 110 48 176 180 120 58 59 285.32
29 66 194 131 196 7 71 8 73 10 143 82 83 24 155 27 97 36 37 165 103 40 105 107 48 176 180 120 58 59 25.37
27 66 194 131 7 71 8 73 10 143 83 24 155 27 97 36 37 165 103 40 105 107 48 176 180 120 58 59 170.52
28 66 194 131 7 71 8 73 10 13 143 83 24 155 27 97 36 37 103 40 105 170 107 48 176 180 120 58 59 1725.48
27 66 194 131 7 71 8 73 10 13 143 83 24 155 27 97 36 103 40 105 170 107 48 176 180 120 58 59 87.30
26 194 131 7 71 8 73 10 13 143 83 24 155 27 97 36 103 40 105 170 107 48 176 180 120 58 59 377.56
25 194 131 7 71 8 73 13 143 83 24 155 27 97 36 103 40 105 170 107 48 176 180 120 58 59 746.48
26 194 131 195 7 71 8 13 143 83 24 155 27 97 36 103 40 105 170 107 109 48 176 180 120 58 59 165.34
25 194 131 195 7 71 8 13 143 24 155 27 97 36 103 40 105 170 107 109 48 176 180 120 58 59 72.75
26 194 131 195 7 71 8 13 143 24 155 27 97 36 103 40 105 170 107 109 176 50 180 120 58 186 59 670.12
24 97 194 131 195 36 7 103 8 40 105 170 107 13 109 143 50 180 24 120 58 186 155 27 59 726.07
23 97 194 131 195 36 103 8 40 105 170 107 13 109 143 50 180 24 120 58 186 155 27 59 11.64
22 97 194 131 195 36 103 8 40 105 170 107 13 109 143 50 180 24 120 58 186 155 27 284.74
23 97 194 162 131 195 103 8 40 105 170 107 13 109 143 50 180 151 24 120 58 186 155 27 50.13
24 97 162 131 195 103 8 40 105 170 107 13 109 143 49 17 50 180 151 24 120 58 186 155 27 846.43
25 131 195 8 13 143 17 151 24 27 97 162 99 103 40 105 170 107 109 49 50 180 120 58 186 190 36.39
24 97 162 131 195 99 103 8 40 105 107 13 109 143 17 49 50 180 151 24 120 58 186 27 190 722.80
23 97 162 131 195 99 103 8 40 105 107 13 109 143 17 49 50 180 151 120 58 186 27 190 264.12
22 97 162 131 195 99 103 8 40 105 107 13 109 143 17 49 180 151 120 58 186 27 190 529.62
21 97 162 131 195 99 103 8 40 105 13 109 143 17 49 180 151 120 58 186 27 190 365.94
20 97 162 131 195 99 103 8 40 105 13 109 143 17 49 180 151 58 186 27 190 191.63
21 97 162 131 195 99 103 40 105 13 109 45 143 17 49 180 116 151 58 186 27 190 798.88
20 97 162 195 99 103 40 105 13 109 45 143 17 49 180 116 151 58 186 27 190 391.82
21 128 97 162 195 99 103 40 105 13 109 45 143 111 17 49 180 116 151 58 186 27 2129.57
20 128 97 162 195 99 103 40 105 13 109 45 143 111 17 49 180 116 151 186 27 348.42
19 128 162 195 99 103 40 105 13 109 45 143 111 17 49 180 116 151 186 27 1412.91
18 128 162 195 99 103 40 105 13 109 45 111 17 49 180 116 151 186 27 15.22
17 128 162 195 99 103 40 105 13 109 45 111 17 49 116 151 186 27 253.90
16 128 162 195 99 103 105 13 109 45 111 17 49 116 151 186 27 1068.35
15 128 162 195 99 105 13 109 45 111 17 49 116 151 186 27 462.81
14 128 162 195 99 105 109 45 111 17 49 116 151 186 27 378.30
13 128 162 195 99 105 109 45 111 17 49 116 151 186 275.10
12 128 17 49 162 195 99 116 105 186 109 45 111 1186.43
12 128 17 49 162 195 99 116 186 138 109 45 111 1206.34
11 128 17 49 162 195 99 116 138 109 45 111 48.50
10 128 49 162 195 99 116 138 109 45 111 140.37
9 128 49 162 195 99 138 109 45 111 756.51
8 49 162 195 99 138 109 45 111 645.41
7 49 162 195 99 109 45 111 139.68
6 49 162 195 99 109 45 396.08
5 49 162 195 99 45 625.00
5 0 49 195 99 45 174.00
6 0 49 195 185 28 45 265.18
5 0 49 195 185 28 987.00
4 0 49 185 28 89.00
3 0 49 28 303.00
2 0 28 1879.00
1 0 4029.00
140053.67
55_COPY 650_SUM 35_XPY 65_XPY 1100_QR 40_COPY 650_SUM 350_SUM 500_SUM 200_SUM 350_SUM 500_SUM 10_COPY 25_COPY 1000_QR 350_SUM 35_XPY 650_SUM 1000_QR 1300_QR 20_XPY 200_SUM 25_COPY 650_SUM 40_COPY 25_COPY 650_SUM 650_SUM 25_COPY 1200_QR 20_XPY 65_XPY 55_COPY 1200_QR 500_SUM 25_COPY 1100_QR 1000_QR 650_SUM 25_COPY 25_COPY 65_XPY 1200_QR 1300_QR 350_SUM 40_COPY 40_COPY 500_SUM 650_SUM 55_COPY 20_XPY 25_COPY 35_XPY 1100_QR 1000_QR 40_COPY 55_COPY 1100_QR 1300_QR 650_SUM 1100_QR 20_XPY 25_COPY 40_COPY 10_COPY 35_XPY 650_SUM 55_COPY 650_SUM 200_SUM 200_SUM 20_XPY 1000_QR 65_XPY 65_XPY 350_SUM 350_SUM 500_SUM 65_XPY 40_COPY 55_COPY 40_COPY 55_COPY 1300_QR 1200_QR 500_SUM 10_COPY 10_COPY 1300_QR 25_COPY 10_COPY 1200_QR 650_SUM 40_COPY 40_COPY 10_COPY 50_XPY 500_SUM 500_SUM 40_COPY 200_SUM 500_SUM 40_COPY 40_COPY 50_XPY 40_COPY 350_SUM 650_SUM 40_COPY 40_COPY 40_COPY 650_SUM 25_COPY 35_XPY 55_COPY 1000_QR 1100_QR 500_SUM 1000_QR 1300_QR 350_SUM 500_SUM 35_XPY 10_COPY 35_XPY 65_XPY 1100_QR 500_SUM 1100_QR 1000_QR 55_COPY 40_COPY 350_SUM 1200_QR 35_XPY 650_SUM 35_XPY 1300_QR 10_COPY 25_COPY 50_XPY 65_XPY 200_SUM 1200_QR 1100_QR 40_COPY 500_SUM 1100_QR 1300_QR 10_COPY 55_COPY 65_XPY 350_SUM 50_XPY 200_SUM 40_COPY 50_XPY 50_XPY 1200_QR 650_SUM 1200_QR 25_COPY 40_COPY 20_XPY 1200_QR 35_XPY 350_SUM 1000_QR 1300_QR 50_XPY 200_SUM 1200_QR 50_XPY 1100_QR 25_COPY 35_XPY 20_XPY 50_XPY 35_XPY 1000_QR 40_COPY 500_SUM 500_SUM 40_COPY 20_XPY 20_XPY 1200_QR 35_XPY 40_COPY 40_COPY 20_XPY 1200_QR 1200_QR 40_COPY 1100_QR 55_COPY 650_SUM 1300_QR 35_XPY 1000_QR 