163
40 129 58 2 60 125 187 183 76 119 53 68 96 104 171 14 22 84 182 4 48 154 29 81 102 35 153 155 160 193 93 33 88 139 42 51 162 8 108 140 150 6877.32
40 193 68 4 8 139 76 140 14 144 81 84 22 150 151 88 153 154 155 29 93 96 160 33 162 35 102 104 42 171 108 48 51 53 182 183 119 187 60 125 189 1426.45
40 193 68 4 8 139 76 140 14 144 81 84 22 150 151 88 153 154 155 29 93 96 160 33 162 35 102 104 42 106 171 108 48 51 53 182 183 119 187 125 189 1090.94
40 193 68 4 8 139 76 140 14 79 144 81 84 22 150 151 88 153 154 155 29 96 160 33 162 35 102 104 42 106 171 108 48 51 53 182 183 119 187 125 189 3079.89
40 192 193 68 4 8 72 139 140 14 79 144 81 84 22 150 151 88 153 154 155 29 96 160 33 162 35 102 104 42 106 171 108 48 51 53 182 183 187 125 189 2429.89
40 192 193 68 4 198 8 72 139 11 140 14 79 143 144 81 82 84 22 150 151 88 154 29 96 33 162 102 104 42 106 171 108 48 51 53 182 183 187 125 189 2675.46
40 192 68 4 198 8 72 139 11 140 14 79 143 144 81 82 84 22 150 151 88 89 154 29 96 33 162 102 104 42 106 171 108 48 51 53 182 183 187 125 189 1095.39
40 192 4 198 6 8 72 139 11 140 14 142 79 143 144 81 82 84 22 150 151 88 89 154 29 33 162 99 100 102 42 106 107 108 48 178 51 182 183 125 189 687.22
40 4 198 6 199 8 72 139 11 140 14 142 79 143 144 81 82 84 22 150 151 88 89 154 29 33 162 99 100 102 42 106 107 108 48 178 51 182 183 125 189 2252.53
40 4 198 6 199 8 72 11 140 14 142 79 143 144 81 145 82 84 22 150 151 89 154 26 29 162 99 100 102 42 106 107 108 175 48 178 51 182 183 189 190 174.37
40 4 198 6 199 8 72 11 140 14 142 79 144 81 145 82 18 84 22 150 151 89 154 26 29 162 99 100 102 42 106 107 108 175 48 178 51 182 183 189 190 2513.90
40 4 198 6 199 8 72 11 140 14 142 144 81 145 82 18 84 22 150 151 89 154 26 29 162 99 100 37 102 42 106 107 108 175 48 178 51 182 183 189 190 578.80
40 4 133 198 6 199 8 72 11 140 142 144 81 145 82 18 84 150 151 89 154 26 29 162 99 100 36 37 102 42 106 107 108 175 48 178 51 182 189 190 126 83.52
40 4 133 198 6 134 199 8 11 140 142 144 81 145 82 18 84 150 151 89 154 26 29 162 99 100 36 37 102 42 106 107 108 175 48 178 51 182 189 190 126 276.40
40 4 133 198 6 134 199 8 11 140 142 144 145 82 18 84 20 150 151 89 154 26 29 162 99 100 36 37 42 106 107 108 175 48 177 178 51 182 189 190 126 2155.92
40 4 133 198 6 134 199 8 11 140 142 144 145 18 84 20 21 150 151 89 154 26 29 162 99 100 36 37 42 106 107 108 175 48 177 178 51 182 189 190 126 134.99
40 4 133 198 6 134 199 8 11 140 142 144 145 18 84 20 21 150 151 89 154 26 162 99 100 36 37 42 106 107 108 175 48 177 178 51 182 189 61 190 126 1118.99
40 4 133 5 198 6 134 199 8 11 140 142 144 145 18 84 20 21 150 151 89 154 26 99 100 36 37 106 107 108 175 48 177 113 178 182 188 189 61 190 126 406.49
40 4 133 5 198 6 134 199 8 11 140 142 144 145 18 84 20 21 150 151 89 154 26 99 100 36 37 107 108 175 48 177 113 178 115 182 188 189 61 190 126 2119.38
40 4 133 5 197 198 6 134 199 8 11 140 142 144 145 18 84 20 21 150 151 89 154 26 99 100 36 37 108 175 48 177 113 178 115 182 188 189 61 190 126 594.91
40 4 5 197 198 6 134 199 8 11 140 142 144 145 18 84 20 21 150 151 89 154 26 99 100 36 37 41 108 175 48 177 113 178 115 182 188 189 61 190 126 1827.43
40 64 4 5 197 6 134 199 8 140 142 144 145 18 84 20 21 150 151 89 154 26 99 100 36 37 41 108 175 48 177 113 178 115 182 188 189 61 190 126 63 516.79
40 64 4 5 197 6 134 199 8 140 142 144 145 18 84 20 21 150 151 89 154 99 100 36 37 165 41 108 175 48 177 113 178 115 182 188 189 61 190 126 63 3254.10
40 64 4 5 197 134 199 8 140 142 144 145 18 84 20 21 150 151 89 154 99 100 36 37 165 168 41 108 175 48 177 113 178 115 182 188 189 61 190 126 63 10.44
40 64 194 4 5 197 134 199 8 140 142 144 145 18 84 20 21 150 151 89 154 99 100 36 37 165 168 41 108 175 48 177 113 178 115 182 188 189 61 190 63 1447.63
40 64 1 194 4 5 197 134 199 142 144 16 145 18 84 20 21 151 89 154 99 100 36 37 165 103 168 41 105 175 48 177 113 178 115 182 188 189 61 190 63 2307.31
40 64 1 194 4 5 197 134 199 142 144 16 145 18 84 20 21 151 89 154 94 99 100 36 37 165 103 168 41 105 175 48 177 113 178 115 182 189 61 190 63 1357.73
40 64 1 194 4 5 197 134 199 142 144 16 145 18 84 20 21 151 154 94 95 99 100 36 37 165 103 168 41 105 175 48 177 113 178 115 182 189 61 190 63 1092.68
40 64 1 194 4 5 197 134 199 7 137 144 16 145 18 84 20 21 151 154 94 95 36 37 165 103 168 41 105 175 48 177 113 115 181 182 118 189 61 190 63 692.39
40 64 1 194 4 5 197 134 7 137 10 144 16 145 18 84 20 21 151 154 94 95 36 37 165 103 168 41 105 175 48 177 113 115 181 182 118 189 61 190 63 1440.29
40 64 1 194 4 196 5 197 134 7 137 73 10 16 145 18 84 20 21 154 94 95 36 37 165 103 168 41 105 44 175 48 177 113 115 181 182 118 61 190 63 969.37
40 64 1 194 4 196 5 197 134 7 137 73 10 16 145 18 84 20 21 154 94 95 31 36 37 165 103 168 105 44 175 48 177 113 115 181 182 118 61 190 63 1553.76
40 64 1 194 4 196 5 197 134 7 137 73 10 78 16 145 18 84 20 21 154 94 95 31 36 37 165 168 43 44 175 48 177 113 115 181 182 118 61 190 63 271.42
40 1 194 4 196 5 197 134 7 137 73 10 78 16 145 18 84 20 21 154 92 156 94 95 31 36 37 165 168 43 44 175 48 177 113 115 181 182 118 61 190 510.53
40 1 194 4 196 5 197 134 7 137 73 10 78 16 145 18 84 20 21 154 92 156 94 158 95 31 36 37 168 43 44 175 48 177 113 115 181 182 118 61 190 925.62
40 1 194 4 196 5 197 134 7 137 73 10 78 16 145 18 84 21 154 92 156 94 158 95 31 163 36 37 168 43 44 175 48 177 113 115 181 182 118 61 190 2326.49
40 1 4 196 5 197 134 7 137 73 10 78 16 145 18 84 21 152 154 92 156 94 158 95 31 163 36 37 43 44 175 48 112 177 113 115 181 182 118 61 190 212.12
40 1 4 196 5 197 134 7 137 73 10 78 16 145 18 84 21 152 154 92 156 94 158 95 31 163 36 37 43 44 174 175 48 112 177 113 181 182 118 61 190 347.11
40 1 4 196 5 197 134 7 137 73 10 78 16 145 18 84 152 154 92 156 94 158 95 31 34 163 36 37 43 44 174 175 48 112 177 113 181 182 118 61 190 665.74
40 1 4 196 5 197 134 7 137 73 10 78 16 145 18 84 152 154 92 156 94 158 95 31 34 163 36 37 43 44 45 174 175 48 112 177 113 181 118 61 190 85.59
40 1 4 196 5 197 134 7 137 73 10 78 16 145 18 152 154 92 156 94 158 95 31 34 163 36 37 43 44 45 174 175 47 48 112 177 113 181 118 61 190 5264.45
40 1 4 196 5 134 7 137 73 10 78 16 145 18 152 154 92 156 94 158 95 31 34 163 36 37 43 44 45 174 175 47 48 112 177 113 181 118 55 61 190 2245.22
40 1 4 196 5 134 7 137 73 10 78 16 145 18 152 154 92 156 157 94 158 95 31 34 163 36 37 43 44 45 174 175 47 112 177 113 181 118 55 61 190 2618.10
40 1 67 4 196 5 134 7 137 73 10 78 145 18 152 154 92 156 157 94 158 95 31 34 163 36 37 43 44 45 174 175 47 112 177 113 181 118 55 61 190 731.91
40 67 4 196 5 134 7 137 73 10 78 145 18 152 154 92 156 157 94 158 95 31 34 163 36 37 43 44 45 174 175 47 112 177 113 181 118 55 124 61 190 1173.05
40 67 4 196 5 134 7 137 73 10 78 145 18 152 154 92 156 157 94 158 95 31 34 163 36 37 43 44 45 174 175 47 112 177 113 181 55 124 61 190 127 360.94
40 128 67 4 196 5 134 7 137 73 10 78 145 18 152 154 92 156 157 94 158 95 31 34 163 36 37 43 44 45 174 175 47 112 177 113 55 124 61 190 127 792.06
40 128 67 4 196 5 134 7 137 73 10 78 145 18 148 152 154 92 156 157 94 158 31 34 163 36 37 43 44 45 174 175 47 112 177 113 55 124 61 190 127 551.79
40 128 67 4 196 5 134 7 137 73 10 78 145 18 148 152 92 156 157 94 158 31 34 163 36 37 43 44 45 174 175 47 112 177 113 55 123 124 61 190 127 58.09
40 128 67 4 196 5 134 7 137 73 10 78 145 18 148 152 92 156 157 94 158 31 163 36 164 37 43 44 45 174 175 47 112 177 113 55 123 124 61 190 127 30.08
40 128 67 4 196 5 134 7 137 73 10 78 145 18 148 152 92 156 157 158 31 163 36 164 37 167 43 44 45 174 175 47 112 177 113 55 123 124 61 190 127 629.26
40 128 67 4 196 5 134 7 137 73 10 77 78 145 18 148 152 92 156 157 158 31 163 36 164 37 167 43 44 174 175 47 112 177 113 55 123 124 61 190 127 2587.71
40 128 67 196 5 134 7 137 73 10 77 78 145 18 148 152 92 156 157 158 31 163 36 164 37 167 43 44 174 175 47 112 177 113 55 186 123 124 61 190 127 792.06
40 128 67 196 5 134 7 73 10 77 78 145 18 148 152 92 156 157 158 31 163 36 164 37 167 43 44 174 175 47 112 177 113 55 57 186 123 124 61 190 127 1625.98
40 128 67 131 196 5 134 7 73 10 74 77 78 145 18 148 92 156 157 158 31 163 36 164 37 167 43 44 174 175 47 177 113 55 57 186 123 124 61 190 127 127.48
40 128 67 131 196 5 134 7 73 74 77 78 145 18 148 92 156 157 158 31 163 36 164 37 167 43 44 174 175 47 177 113 50 55 57 186 123 124 61 190 127 77.43
40 128 67 131 196 5 134 7 73 74 77 78 145 18 148 92 156 157 158 31 163 36 164 37 167 43 44 172 175 47 177 113 50 55 57 186 123 124 61 190 127 154.90
40 128 65 67 131 196 5 134 7 73 74 77 78 145 18 148 92 156 157 158 31 163 36 164 37 167 43 44 172 175 47 177 113 50 57 186 123 124 61 190 127 171.19
40 128 65 67 131 196 5 134 7 73 74 77 78 145 18 148 92 156 157 158 31 163 36 164 37 167 169 43 44 172 175 47 177 113 50 57 186 123 124 61 127 842.79
40 128 65 67 131 196 5 134 7 73 74 77 78 145 18 148 92 156 157 158 31 163 36 164 37 167 169 43 172 175 47 177 113 50 114 57 186 123 124 61 127 290.37
40 128 65 67 131 195 196 5 134 73 74 77 78 145 18 148 92 156 157 158 31 163 36 164 37 167 169 43 172 175 47 177 113 50 114 57 186 123 124 61 127 513.57
40 128 65 67 131 195 196 5 134 73 9 74 12 77 78 18 148 92 156 157 158 31 163 36 164 37 167 169 43 172 47 177 113 50 114 57 186 123 124 61 127 823.96
40 128 65 67 131 195 196 5 134 73 9 74 12 77 78 18 148 23 92 156 157 158 31 163 36 164 37 167 169 43 172 177 113 50 114 57 186 123 124 61 127 701.14
40 128 65 67 131 195 196 5 134 9 74 12 77 78 18 148 23 25 92 156 157 158 31 163 36 164 37 167 169 43 172 177 113 50 114 57 186 123 124 61 127 1529.59
40 128 65 131 195 196 132 5 134 9 74 12 77 78 18 148 23 25 92 156 157 158 31 163 36 164 37 167 169 43 172 177 113 50 114 57 186 123 124 61 127 63.74
40 128 65 131 195 132 5 134 9 74 12 77 78 18 148 23 25 92 156 157 158 31 163 36 164 37 167 169 43 172 177 113 50 114 54 57 186 123 124 61 127 667.99
40 128 65 131 195 132 5 134 9 74 12 77 78 18 148 23 25 92 156 157 158 31 163 36 164 37 167 169 43 172 177 113 50 114 54 56 57 186 123 61 127 1171.40
40 128 65 131 195 132 5 134 9 74 12 77 78 18 148 23 25 91 92 156 157 158 31 163 36 164 37 167 169 43 172 177 113 50 114 54 56 57 186 123 61 358.20
40 65 131 195 132 5 134 9 74 12 77 78 18 148 23 25 91 92 156 157 158 31 163 36 164 37 167 169 43 172 177 113 50 114 54 56 57 185 186 123 61 608.67
40 65 131 195 132 5 134 9 74 12 77 78 18 148 23 25 91 92 156 28 157 158 31 163 36 164 37 167 169 43 172 177 113 50 114 54 56 57 185 186 123 183.94
40 65 131 195 132 5 134 9 74 12 77 78 18 23 25 91 92 156 28 157 158 31 163 36 164 37 167 169 43 172 109 177 113 50 114 54 56 57 185 186 123 600.22
40 65 66 131 195 132 5 134 9 74 12 77 78 18 23 25 91 92 156 28 157 158 31 163 36 37 167 169 43 172 109 177 113 50 114 54 56 57 185 186 123 29.04
40 65 66 131 195 132 5 134 9 74 12 77 78 18 23 25 91 92 156 28 157 158 31 159 163 36 37 169 43 172 109 177 113 50 114 54 56 57 185 186 123 3630.11
40 65 66 131 195 132 5 134 9 74 12 77 78 18 23 25 91 92 156 28 157 158 159 163 36 37 166 169 43 172 109 177 113 50 114 54 56 57 185 186 123 1550.51
40 65 66 131 195 132 5 134 9 74 75 12 77 18 23 25 91 92 156 28 157 158 159 163 36 37 166 169 172 109 177 113 50 114 180 54 56 57 185 186 123 264.54
40 65 66 131 195 132 5 134 9 74 75 12 77 18 23 25 91 28 157 158 159 32 163 36 37 166 39 169 109 177 113 50 114 180 52 54 56 57 185 186 123 309.79
40 65 66 131 195 132 5 134 9 74 75 12 77 18 23 25 91 28 157 158 159 32 163 36 37 166 39 169 109 177 113 114 180 52 54 56 57 185 186 123 59 198.41
40 65 66 131 195 132 5 134 9 74 75 12 77 80 18 23 25 91 28 157 159 32 163 36 37 166 39 169 109 177 113 114 180 52 54 56 57 185 186 123 59 193.62
40 65 66 131 195 132 5 134 9 74 75 12 77 80 18 86 23 25 91 28 157 159 32 163 36 37 166 39 109 177 113 114 180 52 54 56 57 185 186 123 59 727.49
40 65 66 131 195 132 5 134 9 74 75 12 77 80 18 86 23 25 91 28 157 159 32 36 37 166 39 109 110 177 113 114 180 52 54 56 57 185 186 123 59 396.92
40 65 66 131 132 5 134 9 74 75 12 77 80 18 86 23 25 91 28 157 159 32 36 37 166 39 109 110 111 177 113 114 180 52 54 56 57 185 186 123 59 323.46
40 65 66 131 132 5 134 9 74 75 12 77 80 86 23 25 91 28 157 159 32 36 37 166 39 109 110 111 177 113 114 180 52 116 54 56 57 185 186 123 59 171.25
40 65 66 131 132 5 134 9 74 75 12 77 80 86 23 25 91 28 157 159 32 36 37 166 39 40 109 110 111 113 114 180 52 116 54 56 57 185 186 123 59 561.31
40 65 66 131 132 5 134 9 74 75 12 77 80 149 86 23 25 91 28 157 159 32 36 166 39 40 109 110 111 113 114 180 52 116 54 56 57 185 186 123 59 501.13
40 65 66 131 5 134 9 74 75 12 77 80 149 86 23 25 91 28 157 159 32 36 166 39 40 109 173 110 111 113 114 180 52 116 54 56 57 185 186 123 59 1498.38
40 65 66 131 5 134 9 74 75 12 77 80 149 86 23 25 91 28 157 159 32 36 166 39 40 109 173 110 111 176 113 114 180 52 116 54 56 57 185 186 59 28.54
39 65 66 131 5 134 9 74 75 12 77 80 149 86 23 25 91 28 157 159 32 166 39 40 109 173 110 111 176 113 114 180 52 116 54 56 57 185 186 59 681.57
38 65 66 131 5 134 9 74 75 12 80 149 86 23 25 91 28 157 159 32 166 39 40 109 173 110 111 176 113 114 180 52 116 54 56 57 185 186 59 1398.51
38 65 66 131 5 9 74 75 12 80 19 149 86 23 25 91 28 157 159 32 166 39 40 109 173 110 111 176 113 114 180 52 116 54 56 57 185 186 59 447.14
37 65 66 131 5 9 74 75 12 80 19 149 86 23 25 91 28 157 159 32 166 39 40 109 173 110 111 176 114 180 52 116 54 56 57 185 186 59 221.76
36 65 66 131 5 9 74 75 12 80 19 149 86 23 25 91 28 159 32 166 39 40 109 173 110 111 176 114 180 52 116 54 56 57 185 186 59 530.11
35 65 66 131 5 9 74 75 12 80 19 149 86 23 25 91 28 159 32 166 39 40 109 173 110 111 176 114 180 52 116 54 56 57 185 59 203.78
34 65 66 130 131 5 9 74 75 12 80 19 149 86 23 25 91 28 159 32 166 40 109 173 110 111 176 114 180 116 54 56 57 185 59 300.82
34 65 66 130 131 5 70 9 74 75 12 80 19 149 86 23 25 91 28 159 32 166 40 109 173 110 111 176 114 180 116 54 56 57 185 194.08
34 65 66 130 131 5 70 9 74 75 12 19 149 86 23 25 91 28 159 32 166 40 109 173 110 46 111 176 114 180 116 54 56 57 185 38.77
33 65 66 130 131 5 70 9 74 75 12 19 149 86 23 25 91 28 159 32 166 40 109 173 110 46 111 176 180 116 54 56 57 185 155.26
33 65 66 130 131 5 70 9 74 75 12 19 149 23 25 91 28 159 32 166 40 109 173 110 46 111 176 180 116 54 56 184 57 185 727.78
33 65 66 130 131 5 70 9 74 75 12 19 149 23 25 91 28 159 32 166 38 40 109 173 46 111 176 180 116 54 56 184 57 185 305.67
36 65 66 130 131 3 5 70 9 74 75 12 13 19 149 23 25 91 28 159 32 166 38 40 170 109 173 46 111 176 180 54 56 184 120 57 185 87.33
36 65 66 130 131 3 5 70 9 74 75 12 13 19 149 23 25 91 28 159 32 97 166 38 40 170 109 173 46 176 180 54 56 184 120 57 185 153.73
35 65 66 130 131 3 5 70 9 74 75 12 13 19 149 23 25 91 28 159 32 97 166 38 40 170 109 173 46 176 180 54 56 184 120 185 892.75
34 65 66 130 131 3 5 70 9 74 75 12 13 19 23 25 91 28 159 32 97 166 38 40 170 109 173 46 176 180 54 56 184 120 185 494.89
34 65 66 130 131 3 5 70 9 74 75 12 13 19 23 25 91 28 159 32 97 166 38 40 170 109 46 176 180 54 56 184 120 185 122 361.52
34 65 66 130 131 3 70 135 9 74 75 12 13 19 23 25 91 28 159 32 97 166 38 40 170 109 46 176 180 54 56 184 120 185 122 1135.34
39 65 66 130 131 3 70 135 9 74 138 75 12 13 15 17 19 23 25 91 28 159 32 97 101 166 38 40 170 109 46 49 180 54 56 184 120 185 121 122 922.40
38 65 66 130 3 70 135 9 74 138 75 12 13 15 17 19 23 25 91 28 159 32 97 101 166 38 40 170 109 46 49 180 54 56 184 120 185 121 122 824.50
38 65 66 130 3 70 135 74 138 75 12 13 15 17 19 85 23 25 91 28 159 32 97 101 166 38 40 170 109 46 49 180 54 56 184 120 185 121 122 280.73
38 66 130 3 70 135 136 74 138 75 12 13 15 17 19 85 23 25 91 28 159 32 97 101 166 38 40 170 109 46 49 180 54 56 184 120 185 121 122 533.50
37 66 130 3 70 135 136 74 138 75 12 13 15 17 19 85 25 91 28 159 32 97 101 166 38 40 170 109 46 49 180 54 56 184 120 185 121 122 698.40
37 66 130 3 70 135 136 74 138 75 12 13 141 15 17 19 85 91 28 159 32 97 101 166 38 40 170 109 46 49 180 54 56 184 120 185 121 122 63.74
37 66 130 3 70 135 136 138 75 12 13 141 15 17 19 85 91 27 28 159 32 97 101 166 38 40 170 109 46 49 180 54 56 184 120 185 121 122 1522.89
36 66 130 3 70 135 136 138 75 12 13 141 15 17 19 85 91 27 28 159 32 97 101 166 38 40 170 109 46 49 180 56 184 120 185 121 122 601.67
35 66 3 70 135 136 138 75 12 13 141 15 17 19 85 91 27 28 159 32 97 101 166 38 40 170 109 46 49 180 56 184 120 185 121 122 58.20
35 66 3 70 135 136 138 75 12 13 141 15 17 19 85 24 91 27 28 159 32 97 101 166 38 40 170 109 46 49 180 184 120 185 121 122 177.49
34 66 3 70 135 136 138 75 12 13 141 15 17 85 24 91 27 28 159 32 97 101 166 38 40 170 109 46 49 180 184 120 185 121 122 128.56
33 66 3 70 135 136 138 75 13 141 15 17 85 24 91 27 28 159 32 97 101 166 38 40 170 109 46 49 180 184 120 185 121 122 863.30
33 66 3 70 135 136 138 75 13 141 15 17 85 24 90 27 28 159 32 97 101 166 38 40 170 109 46 49 180 184 120 185 121 122 224.80
32 66 3 70 135 136 138 75 13 141 15 17 85 24 90 27 28 159 32 97 101 166 38 40 109 46 49 180 184 120 185 121 122 721.88
31 3 70 135 136 138 75 13 141 15 17 85 24 90 27 28 159 32 97 101 166 38 40 109 46 49 180 184 120 185 121 122 116.45
30 3 70 135 136 138 75 13 141 15 17 85 24 90 27 28 159 32 97 101 166 38 40 109 46 180 184 120 185 121 122 21.82
30 3 70 135 136 138 75 13 141 15 17 85 24 90 27 28 30 159 32 97 101 166 38 40 46 180 184 120 185 121 122 254.72
29 3 70 135 136 75 13 141 15 17 85 24 90 27 28 30 159 32 97 101 166 38 40 46 180 184 120 185 121 122 203.70
29 3 69 70 135 136 75 13 141 15 17 85 24 90 27 28 30 32 97 101 166 38 40 46 180 184 120 185 121 122 1061.43
28 3 69 70 135 136 75 13 141 15 17 85 24 90 27 28 30 32 97 101 166 38 40 46 180 184 120 185 121 417.81
27 3 69 70 135 136 75 13 141 15 17 85 24 90 27 30 32 97 101 166 38 40 46 180 184 120 185 121 36.29
26 3 69 70 135 136 75 13 141 15 17 85 24 90 27 30 32 97 101 166 38 46 180 184 120 185 121 178.52
25 3 69 70 135 136 75 13 141 15 17 85 24 90 27 30 32 97 166 38 46 180 184 120 185 121 667.99
24 32 3 69 70 166 38 135 136 75 13 141 46 15 17 180 85 24 184 120 185 121 90 27 30 385.57
23 32 3 69 70 38 135 136 75 13 141 46 15 17 180 85 24 184 120 185 121 90 27 30 704.22
28 3 69 70 135 136 75 13 141 15 17 83 85 87 24 90 27 30 32 161 98 38 46 117 184 120 185 121 62 102.57
27 3 69 70 135 136 75 13 141 15 17 83 85 87 24 90 27 32 161 98 38 46 117 184 120 185 121 62 703.86
26 3 69 70 135 136 75 13 141 15 17 83 85 87 24 90 27 161 98 38 46 117 184 120 185 121 62 1524.35
25 3 69 135 136 75 13 141 15 17 83 85 87 24 90 27 161 98 38 46 117 184 120 185 121 62 184.18
24 161 98 3 69 38 135 136 75 13 141 46 17 83 85 117 87 24 184 120 185 121 90 27 62 23.29
23 161 98 3 38 135 136 75 13 141 46 17 83 85 117 87 24 184 120 185 121 90 27 62 691.04
22 161 98 3 38 135 136 75 141 46 17 83 85 117 87 24 184 120 185 121 90 27 62 92.24
21 161 98 3 38 135 136 75 141 17 83 85 117 87 24 184 120 185 121 90 27 62 710.30
20 161 98 3 38 135 136 75 141 17 85 117 87 24 184 120 185 121 90 27 62 1361.43
19 161 98 3 38 135 136 75 141 17 85 117 87 24 184 185 121 90 27 62 38.57
18 161 98 3 135 136 75 141 17 85 117 87 24 184 185 121 90 27 62 298.59
17 161 98 3 135 136 75 141 17 117 87 24 184 185 121 90 27 62 136.31
16 161 98 3 135 75 141 17 117 87 24 184 185 121 90 27 62 131.63
15 161 98 3 135 75 141 17 117 87 24 184 185 121 90 62 63.36
15 161 98 135 75 141 17 117 87 24 184 185 121 90 62 191 140.94
14 161 98 135 75 141 17 117 24 184 185 121 90 62 191 816.48
13 161 98 135 75 141 17 117 24 185 121 90 62 191 356.47
12 161 17 98 117 24 185 121 90 75 141 62 191 148.73
11 161 17 98 117 24 185 90 75 141 62 191 184.30
11 161 98 179 117 24 185 90 75 141 62 191 216.15
10 161 98 179 117 24 185 75 141 62 191 585.85
9 161 98 179 117 24 185 141 62 191 1224.76
8 161 98 179 117 24 185 141 191 289.09
7 98 179 117 24 185 141 191 578.97
7 98 179 117 71 24 141 191 248.32
6 98 179 71 24 141 191 543.67
6 179 147 71 24 141 191 205.66
5 179 147 71 141 191 609.74
5 0 147 71 141 191 742.05
4 0 147 141 191 511.00
3 0 147 191 741.00
2 0 147 1352.00
1 0 159.00
1 146 5273.00
133309.35
25_COPY 1100_QR 20_XPY 25_COPY 55_COPY 55_COPY 50_XPY 1200_QR 1300_QR 650_SUM 1200_QR 50_XPY 25_COPY 500_SUM 65_XPY 1000_QR 65_XPY 650_SUM 55_COPY 35_XPY 25_COPY 25_COPY 65_XPY 650_SUM 40_COPY 650_SUM 35_XPY 65_XPY 25_COPY 25_COPY 20_XPY 1300_QR 25_COPY 1100_QR 350_SUM 1000_QR 55_COPY 55_COPY 25_COPY 200_SUM 500_SUM 1000_QR 1200_QR 1300_QR 1200_QR 350_SUM 1100_QR 1000_QR 55_COPY 200_SUM 350_SUM 1200_QR 200_SUM 50_XPY 650_SUM 350_SUM 650_SUM 1100_QR 20_XPY 200_SUM 200_SUM 40_COPY 500_SUM 1000_QR 1000_QR 1100_QR 1100_QR 350_SUM 50_XPY 200_SUM 500_SUM 350_SUM 35_XPY 1200_QR 1200_QR 40_COPY 35_XPY 65_XPY 1300_QR 1000_QR 200_SUM 25_COPY 35_XPY 20_XPY 40_COPY 65_XPY 200_SUM 35_XPY 1100_QR 65_XPY 500_SUM 650_SUM 1300_QR 10_COPY 1100_QR 1100_QR 50_XPY 350_SUM 1200_QR 65_XPY 65_XPY 10_COPY 25_COPY 10_COPY 50_XPY 10_COPY 500_SUM 35_XPY 1300_QR 650_SUM 200_SUM 200_SUM 500_SUM 55_COPY 1000_QR 25_COPY 200_SUM 650_SUM 1100_QR 35_XPY 25_COPY 650_SUM 35_XPY 65_XPY 350_SUM 1100_QR 35_XPY 350_SUM 350_SUM 20_XPY 10_COPY 1100_QR 35_XPY 20_XPY 55_COPY 650_SUM 65_XPY 1100_QR 200_SUM 1100_QR 1300_QR 55_COPY 65_XPY 20_XPY 1300_QR 40_COPY 1300_QR 1200_QR 350_SUM 200_SUM 1300_QR 1300_QR 500_SUM 1000_QR 55_COPY 1000_QR 1300_QR 25_COPY 1300_QR 650_SUM 1000_QR 1100_QR 1200_QR 1300_QR 350_SUM 1000_QR 650_SUM 350_SUM 1000_QR 350_SUM 10_COPY 50_XPY 10_COPY 200_SUM 500_SUM 40_COPY 200_SUM 55_COPY 65_XPY 500_SUM 650_SUM 1100_QR 40_COPY 65_XPY 1200_QR 55_COPY 65_XPY 50_XPY 35_XPY 1300_QR 40_COPY 1300_QR 20_XPY 1000_QR 1000_QR 350_SUM 1200_QR 25_COPY 50_XPY 65_XPY 