157
40 194 115 34 116 118 124 61 68 59 65 94 113 121 150 177 51 54 169 176 180 148 157 159 168 13 16 37 50 55 95 140 155 171 46 67 85 96 162 164 185 6877.32
40 65 129 67 68 140 12 13 16 148 85 150 155 157 94 159 95 96 162 164 37 168 169 105 171 46 176 113 177 50 51 116 180 118 54 55 121 185 59 124 61 5590.78
40 65 129 67 135 140 12 13 16 148 85 150 155 157 94 159 95 96 162 164 37 168 169 105 171 43 46 176 113 177 50 51 116 180 118 54 55 121 185 59 124 1287.25
40 65 67 198 135 140 12 13 16 148 85 150 155 157 94 159 95 96 162 164 37 168 169 105 171 43 46 176 113 177 50 51 116 180 118 54 55 121 185 59 124 4910.54
40 64 67 198 70 135 140 12 13 16 148 85 155 157 159 95 96 162 163 164 37 168 169 105 170 42 171 43 46 176 50 51 179 180 52 118 54 55 185 124 190 682.09
40 64 67 198 70 135 136 140 12 13 16 148 85 88 155 157 159 95 96 162 163 164 37 168 169 170 42 171 46 176 50 51 179 180 52 118 54 55 185 124 190 1354.98
40 64 67 198 70 135 136 140 12 13 142 16 148 85 88 155 157 159 95 96 162 163 164 37 168 104 169 170 42 171 46 176 50 51 179 180 52 54 55 185 190 1851.24
40 64 198 70 135 136 9 137 140 12 13 142 78 16 146 148 88 155 157 30 159 95 163 37 103 168 104 169 170 42 171 176 50 51 179 180 52 181 54 55 190 2320.59
40 64 195 198 70 135 199 136 9 137 140 12 13 142 78 16 146 148 88 155 157 30 159 95 98 163 37 103 168 104 170 42 171 50 179 52 181 55 187 189 190 78.30
40 64 195 198 70 199 136 9 137 140 12 13 142 78 16 17 146 148 88 155 157 30 159 95 98 163 37 103 168 104 170 42 171 50 179 52 181 55 187 189 190 600.03
40 64 66 195 198 70 199 136 9 137 140 76 13 142 78 16 17 146 148 88 155 157 30 159 95 98 163 37 103 168 104 42 171 44 50 52 181 55 187 189 190 3882.27
40 64 66 195 198 70 199 136 140 76 13 142 78 16 17 146 148 88 155 157 30 159 95 98 163 99 37 103 168 104 42 171 44 50 52 181 55 187 123 189 190 1717.43
40 64 128 66 195 198 70 199 136 140 76 13 142 78 16 17 146 148 88 155 157 30 159 95 98 163 99 37 103 168 104 171 44 50 52 181 55 187 123 189 190 813.24
40 64 128 66 195 133 198 70 199 136 140 76 13 142 16 17 146 148 88 155 157 159 95 98 163 99 37 103 168 104 106 171 44 50 52 181 55 187 123 189 190 1622.08
40 128 66 130 195 133 198 199 136 140 76 13 142 16 17 146 148 88 155 157 158 159 95 98 163 99 37 103 168 104 106 171 44 174 50 181 55 187 123 189 190 678.56
40 128 66 130 195 133 198 199 140 76 13 142 16 17 146 148 155 92 157 158 159 95 32 98 163 99 37 103 168 104 106 171 44 174 50 181 55 187 123 189 190 19.84
40 128 66 130 4 133 198 11 140 76 13 142 16 17 146 148 151 155 92 157 158 159 95 32 98 163 99 37 103 168 104 106 171 44 174 50 181 55 123 189 190 1331.27
40 128 66 130 4 133 198 11 140 76 13 16 17 146 148 151 25 155 92 157 158 159 95 32 98 163 99 37 103 168 104 106 171 44 174 50 181 55 123 189 190 1848.27
40 128 66 130 4 133 198 11 140 76 13 16 17 148 151 25 155 92 157 158 159 95 32 98 163 99 37 103 168 104 41 106 171 44 108 174 50 55 123 189 190 462.81
40 128 66 130 4 133 72 11 140 76 13 16 17 148 151 25 155 92 157 158 159 95 32 98 163 99 37 103 168 104 41 106 171 44 108 174 50 55 123 189 190 3567.48
40 128 66 130 4 133 71 72 11 140 76 13 16 17 148 151 25 155 92 157 158 159 95 32 98 99 37 103 168 104 41 106 171 44 108 174 50 55 123 189 190 2653.43
40 128 66 130 4 133 71 72 11 140 76 13 16 17 148 151 25 155 92 157 158 159 95 32 98 99 37 102 103 104 41 106 171 44 108 174 50 55 123 189 190 200.01
40 128 66 130 4 133 71 72 11 140 76 13 16 144 17 148 151 25 155 92 157 158 159 95 32 98 99 37 102 103 104 41 106 171 44 174 50 55 123 189 190 2245.85
40 128 66 130 4 133 69 71 72 11 140 76 13 16 144 148 151 25 155 92 157 158 95 32 98 99 37 102 103 104 41 106 171 44 174 50 182 55 123 189 190 594.88
40 128 130 2 4 133 69 71 72 11 140 13 16 144 148 151 25 155 92 157 158 95 32 98 99 37 102 38 103 104 41 106 171 174 50 114 182 55 123 189 190 275.87
40 128 130 2 4 133 69 71 72 11 140 13 14 16 144 148 151 25 155 92 157 158 95 32 98 99 37 102 38 104 41 106 171 174 50 114 182 55 123 189 190 3195.32
40 128 130 2 4 133 69 71 72 11 140 13 14 16 144 148 21 151 25 155 92 157 158 95 32 98 99 37 102 38 104 41 171 174 50 114 182 55 123 189 190 407.73
40 128 130 2 4 133 69 71 72 11 140 13 14 16 144 148 21 151 23 25 154 155 92 157 158 95 32 98 37 102 38 104 41 171 174 50 114 182 55 189 190 1711.12
40 130 2 4 133 69 71 72 11 140 13 14 16 144 148 21 151 23 25 154 155 92 157 158 95 32 98 37 102 38 104 41 171 174 50 114 182 55 189 190 62 732.31
40 192 130 2 4 133 69 71 72 11 140 13 14 16 144 21 151 23 25 154 155 92 158 95 32 98 37 102 38 104 41 171 174 48 50 114 182 55 189 190 62 80.21
40 192 130 2 4 69 71 72 11 140 13 14 16 144 21 22 151 23 25 154 155 92 158 95 32 98 37 102 38 104 41 171 174 48 50 114 182 55 189 190 62 492.34
40 192 130 2 4 69 71 72 11 140 13 14 16 144 21 22 151 23 25 154 155 91 92 158 95 32 98 37 102 38 104 41 171 174 48 50 182 55 189 190 62 361.52
40 192 130 2 4 69 71 72 11 140 13 14 16 144 21 22 151 23 25 154 155 91 92 158 95 32 98 100 37 102 38 104 41 171 174 48 50 182 189 190 62 768.67
40 192 2 4 69 71 72 11 140 13 14 16 144 21 22 151 23 25 154 90 155 91 92 95 32 98 100 37 102 38 104 41 171 172 48 50 182 189 190 62 126 1399.96
40 192 2 4 69 71 11 140 13 141 14 16 144 21 22 151 23 25 154 90 155 91 92 95 32 98 100 37 102 38 104 41 171 172 48 50 182 189 190 62 126 789.63
40 192 2 4 69 71 11 140 13 141 14 16 144 21 22 151 23 25 154 90 155 91 27 92 95 32 98 100 37 102 38 104 41 171 172 48 182 189 190 62 126 1774.25
40 192 2 4 69 71 11 140 13 141 14 16 144 21 22 151 23 25 154 90 155 91 27 95 32 160 98 100 37 102 38 104 41 171 172 48 182 189 190 62 126 16.23
40 192 2 4 69 71 11 140 13 141 14 16 144 21 22 23 25 154 90 155 91 27 95 32 160 98 100 37 102 38 166 104 41 171 172 48 182 189 190 62 126 1874.19
40 192 2 4 69 71 11 140 13 141 14 16 144 21 22 23 25 154 90 155 91 27 95 32 160 98 100 37 102 38 166 167 104 41 172 48 182 189 190 62 126 1636.35
40 192 2 4 69 71 11 140 13 141 14 16 144 21 22 23 25 154 90 155 91 27 156 32 160 33 98 100 102 38 166 167 104 41 172 48 182 189 190 62 126 269.12
40 192 2 4 69 71 140 13 141 14 16 144 21 22 23 25 154 90 155 91 27 156 32 160 33 98 100 102 38 166 167 104 41 172 48 178 182 189 190 62 126 76.11
40 192 2 4 69 71 140 13 141 14 16 144 21 22 23 25 89 154 90 91 27 156 32 160 33 98 100 102 38 166 167 104 41 172 48 178 182 189 190 62 126 566.58
40 192 2 69 71 74 140 13 141 14 16 144 21 22 23 25 89 154 90 91 27 156 32 160 33 98 100 102 38 166 167 104 41 172 48 178 182 189 190 62 126 599.36
40 192 2 3 69 71 74 141 14 144 21 22 23 25 89 154 90 91 27 156 32 160 33 98 100 102 38 166 167 104 41 172 48 178 182 183 120 189 190 62 126 92.07
40 192 2 3 69 71 74 141 14 144 82 21 22 23 89 154 90 91 27 156 32 160 33 98 100 102 38 166 167 104 41 172 48 178 182 183 120 189 190 62 126 515.72
40 192 2 3 69 6 71 74 141 14 144 82 21 22 23 89 154 90 91 27 156 32 160 33 98 100 102 38 166 167 104 41 172 178 182 183 120 189 190 62 126 1057.98
40 192 2 3 69 6 71 74 10 141 14 144 82 21 22 23 89 154 90 91 27 156 32 160 33 98 100 102 166 167 104 41 172 178 182 183 120 189 190 62 126 135.72
40 2 3 69 6 71 74 10 141 14 144 82 21 22 23 89 154 90 26 91 27 156 32 160 33 98 100 102 166 167 104 41 172 178 182 183 120 189 190 62 126 148.73
40 2 3 196 69 6 71 74 10 141 14 144 82 21 22 23 89 154 90 26 91 27 156 32 160 33 98 100 102 166 167 104 172 178 182 183 120 189 190 62 126 1550.38
40 2 3 196 69 6 71 74 10 141 14 144 82 21 22 23 89 154 90 26 91 27 156 28 32 160 33 98 100 102 166 167 104 178 182 183 120 189 190 62 126 2230.90
40 2 3 196 69 6 71 74 10 141 14 144 80 82 21 22 23 154 90 26 91 27 156 28 32 160 33 98 100 102 166 167 104 178 182 183 120 189 190 62 126 1159.04
40 2 3 196 69 6 71 74 10 141 14 144 80 82 21 22 23 154 90 26 91 27 156 28 32 160 33 98 100 102 166 167 104 178 182 183 189 190 62 126 191 1795.35
40 2 3 196 69 6 74 10 141 14 144 80 81 82 21 22 23 154 90 26 91 27 156 28 32 160 33 98 100 102 166 167 104 178 182 183 189 190 62 126 191 3168.05
40 2 3 196 69 6 74 10 141 14 144 80 81 82 21 22 23 154 90 26 91 27 156 28 32 160 33 98 100 102 166 167 104 112 178 182 183 189 62 126 191 573.66
40 2 3 196 69 6 74 10 141 14 80 81 82 21 22 23 154 90 26 91 27 156 28 32 160 33 98 100 102 166 167 104 112 178 182 183 58 189 62 126 191 67.86
40 2 196 69 6 74 10 141 14 80 81 82 21 22 23 154 90 26 91 27 156 28 32 160 33 98 100 102 166 167 104 112 178 182 183 58 189 62 126 191 127 168.60
40 2 196 69 6 74 10 141 14 80 81 82 21 22 23 154 90 26 91 27 156 28 32 160 98 100 102 166 167 104 112 178 182 183 58 188 189 62 126 191 127 1104.83
40 2 196 69 6 74 10 141 14 80 81 82 18 21 22 23 154 90 26 91 27 156 28 32 160 98 100 102 166 167 104 112 178 183 58 188 189 62 126 191 127 2310.80
40 2 69 6 74 10 141 14 80 81 82 18 20 21 22 23 154 90 26 91 27 156 28 32 160 98 100 102 166 167 104 112 178 183 58 188 189 62 126 191 127 563.04
40 2 6 74 10 141 14 80 81 82 18 20 21 22 23 154 90 26 91 27 156 28 32 160 98 100 102 166 167 39 104 112 178 183 58 188 189 62 126 191 127 4526.96
40 2 6 74 10 141 77 14 80 81 82 18 20 21 22 23 154 90 26 91 27 156 28 32 160 98 100 102 166 167 39 104 112 183 58 188 189 62 126 191 127 174.21
40 2 74 10 141 77 14 80 81 82 18 20 21 22 23 154 90 26 91 27 156 28 32 160 98 100 102 166 167 39 104 112 53 183 58 188 189 62 126 191 127 308.08
40 2 74 10 141 77 14 79 80 81 82 18 20 21 22 23 90 26 91 27 156 28 32 160 98 100 102 166 167 39 104 112 53 183 58 188 189 62 126 191 127 754.92
40 2 74 141 77 14 79 80 81 82 18 20 21 22 23 90 26 91 27 156 28 32 160 97 98 100 102 166 167 39 104 112 53 183 58 188 189 62 126 191 127 135.50
40 2 74 139 141 77 14 79 80 81 82 18 20 21 22 23 90 91 27 156 28 32 160 97 98 100 102 166 167 39 104 112 53 183 58 188 189 62 126 191 127 414.60
40 2 74 139 141 77 14 79 80 81 82 18 20 21 22 23 91 27 156 28 32 160 97 98 100 102 166 167 39 104 110 112 53 183 58 188 189 62 126 191 127 1094.07
40 2 74 139 141 77 14 79 80 81 82 18 20 21 22 23 91 27 156 28 32 160 97 98 100 102 166 167 39 104 110 112 53 117 183 58 188 62 126 191 127 193.57
40 2 74 139 141 77 14 79 80 81 82 18 20 21 22 23 91 27 156 32 160 97 98 100 102 166 167 39 104 110 112 53 117 183 58 122 188 62 126 191 127 678.62
40 2 74 139 141 77 14 79 80 81 82 18 20 21 22 23 91 27 156 31 32 160 97 98 100 102 166 167 39 104 110 112 53 117 183 122 188 62 126 191 127 1548.55
40 2 74 139 141 77 14 79 81 82 18 20 21 22 23 91 27 156 31 32 160 97 98 100 102 166 167 39 104 110 47 112 53 117 183 122 188 62 126 191 127 440.90
40 2 74 139 141 77 79 81 82 18 20 21 149 22 23 91 27 156 31 32 160 97 98 100 102 166 167 39 104 110 47 112 53 117 183 122 188 62 126 191 127 551.13
40 2 74 139 141 77 79 81 82 18 147 20 21 149 22 23 91 27 156 31 32 160 97 98 100 102 166 167 39 104 110 47 112 53 117 183 122 188 126 191 127 580.33
40 2 74 139 141 77 79 81 82 18 147 20 21 149 22 23 91 27 156 31 32 160 97 98 100 102 166 167 39 110 47 112 53 117 183 122 188 60 126 191 127 309.79
40 2 74 139 75 141 77 79 81 82 147 20 21 149 22 23 91 27 156 31 32 160 97 98 100 102 166 167 39 110 47 112 53 117 183 122 188 60 126 191 127 143.29
40 74 139 75 141 77 79 81 82 147 20 21 149 22 23 91 27 156 31 32 160 97 98 100 101 102 166 167 39 110 47 112 53 117 183 122 188 60 126 191 127 948.49
40 74 139 75 141 77 79 82 147 20 21 149 22 23 91 27 156 31 32 160 97 98 100 101 102 166 167 39 110 47 112 53 117 183 122 188 60 126 191 127 63 440.90
40 74 139 75 141 77 79 82 147 20 21 149 22 23 24 91 27 156 31 32 160 97 98 100 101 102 166 167 39 110 47 112 53 117 183 122 188 60 191 127 63 110.23
40 74 139 75 141 77 79 82 147 20 149 22 23 24 153 91 27 156 31 32 160 97 98 100 101 102 166 167 39 110 47 112 53 117 183 122 188 60 191 127 63 330.68
40 74 139 75 141 77 79 82 147 20 149 22 24 153 91 27 156 31 32 160 97 98 100 101 102 166 167 39 107 110 47 112 53 117 183 122 188 60 191 127 63 358.20
40 74 139 75 141 77 79 82 147 149 22 24 153 91 27 156 31 32 160 97 98 35 100 101 102 166 167 39 107 110 47 112 53 117 183 122 188 60 191 127 63 561.50
40 74 139 75 141 77 79 82 147 149 22 24 153 91 27 156 31 32 160 97 98 35 100 101 165 102 166 167 107 110 47 112 53 117 183 122 188 60 191 127 63 418.86
40 8 74 139 75 141 77 79 82 147 149 22 24 153 91 27 156 31 32 160 97 98 35 101 165 102 166 167 107 110 47 112 53 117 183 122 188 60 191 127 63 892.83
40 8 74 139 75 141 77 79 82 147 149 22 24 153 27 156 31 32 160 97 98 35 101 165 102 166 167 107 109 110 47 112 53 117 183 122 188 60 191 127 63 67.75
40 8 74 139 75 141 77 79 82 147 149 22 24 153 27 156 31 32 160 97 98 35 101 165 102 166 167 107 109 110 47 53 117 183 119 122 188 60 191 127 63 638.78
40 8 74 139 75 141 77 79 82 147 149 22 24 153 27 156 31 32 160 97 98 35 101 165 102 166 167 107 109 110 47 53 117 183 119 122 188 60 125 191 63 164.53
40 8 74 139 75 141 77 79 143 82 147 149 22 24 153 27 156 31 32 160 97 98 35 101 165 102 166 167 107 109 110 47 53 117 183 119 122 60 125 191 63 903.80
40 8 74 139 75 141 77 79 143 82 147 149 22 24 152 153 27 156 31 32 160 97 35 101 165 102 166 167 107 109 110 47 53 117 183 119 122 60 125 191 63 720.38
40 8 74 75 141 77 79 143 82 147 149 22 24 152 153 27 156 31 32 160 97 35 101 165 102 166 167 107 109 110 47 175 53 117 183 119 122 60 125 191 63 755.12
40 8 74 75 141 79 143 82 147 149 22 24 152 153 27 156 31 32 160 97 35 101 165 102 166 167 107 109 45 110 47 175 53 117 183 119 122 60 125 191 63 164.58
40 8 74 75 141 79 143 82 147 149 22 24 152 153 27 156 31 32 160 97 35 101 165 102 166 167 107 109 45 110 47 175 117 183 119 184 122 60 125 191 63 300.11
40 8 74 75 141 143 82 147 149 22 24 152 153 27 156 29 31 32 160 97 35 101 165 102 166 167 107 109 45 110 47 175 117 183 119 184 122 60 125 191 63 668.70
40 8 74 75 141 143 82 147 149 22 24 152 153 27 156 29 31 32 160 97 35 36 101 165 102 166 107 109 45 110 47 175 117 183 119 184 122 60 125 191 63 77.45
40 8 74 75 141 143 82 147 149 22 24 152 153 27 156 29 31 32 160 35 36 101 165 102 166 107 109 45 110 47 175 111 117 183 119 184 122 60 125 191 63 124.92
40 8 74 75 141 143 82 147 149 22 24 152 153 27 156 29 31 32 160 35 36 101 165 102 107 109 45 110 47 175 111 49 117 183 119 184 122 60 125 191 63 416.28
40 8 74 75 141 143 82 147 149 22 24 152 153 27 156 29 31 32 160 35 36 101 165 102 107 109 45 47 175 111 49 117 183 119 184 56 122 60 125 191 63 1093.95
40 8 74 75 141 143 82 147 149 22 24 152 153 27 156 29 31 32 160 161 35 36 101 165 102 107 109 45 47 175 111 49 183 119 184 56 122 60 125 191 63 183.94
40 8 74 75 141 143 82 147 149 22 24 152 153 27 156 29 31 32 160 161 35 36 101 165 102 107 109 45 173 47 175 111 49 183 119 184 56 60 125 191 63 404.16
40 197 8 74 75 141 143 82 147 149 22 24 152 153 27 156 29 31 32 160 161 35 36 101 165 102 107 109 45 173 47 175 111 49 119 184 56 60 125 191 63 242.50
40 197 8 74 75 141 143 82 147 149 22 24 152 153 27 156 29 31 32 161 35 36 101 165 102 107 109 45 173 47 175 111 49 119 184 56 57 60 125 191 63 1278.62
40 197 8 74 75 143 82 147 83 149 22 24 152 153 27 156 29 31 32 161 35 36 101 165 102 107 109 45 173 47 175 111 49 119 184 56 57 60 125 191 63 735.75
40 197 8 74 75 143 82 147 83 22 24 152 153 27 156 29 93 31 32 161 35 36 101 165 102 107 109 45 173 47 175 111 49 119 184 56 57 60 125 191 63 178.52
40 132 197 8 74 75 143 82 83 22 24 152 153 27 156 29 93 31 32 161 35 36 101 165 102 107 109 45 173 47 175 111 49 119 184 56 57 60 125 191 63 2093.00
40 132 197 134 8 74 75 143 82 83 22 24 152 153 27 156 29 93 31 161 35 36 101 165 102 107 109 45 173 47 175 111 49 119 184 56 57 60 125 191 63 892.75
40 132 197 5 134 8 74 75 143 82 83 22 24 152 153 27 156 93 31 161 35 36 101 165 102 107 109 45 173 47 175 111 49 119 184 56 57 60 125 191 63 659.86
40 132 197 5 134 8 74 75 143 82 83 19 22 24 152 153 27 156 93 31 161 35 101 165 102 107 109 45 173 47 175 111 49 119 184 56 57 60 125 191 63 184.37
40 132 197 5 134 8 74 138 75 143 82 83 19 22 24 152 153 27 156 93 31 161 35 101 165 102 107 109 45 173 47 175 111 119 184 56 57 60 125 191 63 407.56
40 1 132 197 5 134 8 74 138 75 143 82 83 19 22 24 152 153 27 156 93 31 161 35 101 165 102 107 109 45 173 47 175 111 119 184 57 60 125 191 63 1892.23
40 1 131 132 197 5 134 8 74 138 75 143 82 83 19 22 24 152 153 27 156 93 31 161 35 101 165 102 107 109 45 173 47 175 111 119 184 60 125 191 63 374.03
40 1 131 132 197 5 134 8 74 138 75 143 82 83 19 22 24 152 153 27 156 93 31 161 35 101 165 102 107 109 45 173 47 175 111 119 184 186 60 125 191 146.16
39 1 131 132 197 5 134 8 74 138 75 143 82 83 19 22 24 152 153 27 156 93 31 161 35 101 165 102 107 109 173 47 175 111 119 184 186 60 125 191 756.89
39 1 131 132 197 5 134 8 74 138 75 143 82 19 22 87 24 152 153 27 156 93 31 161 35 101 165 102 107 109 173 47 175 111 119 184 186 60 125 191 727.78
38 1 131 132 197 5 134 8 74 138 75 143 82 19 22 87 24 152 153 27 156 31 161 35 101 165 102 107 109 173 47 175 111 119 184 186 60 125 191 155.81
37 1 131 132 197 5 134 8 74 138 75 143 82 19 22 87 24 152 153 27 156 31 161 35 101 165 102 107 109 173 47 175 111 119 184 186 60 125 10.69
35 1 131 197 5 134 8 74 138 75 143 82 19 22 87 24 152 153 27 156 31 161 35 101 102 107 109 173 47 175 111 119 184 186 60 125 609.92
34 1 131 197 5 134 8 74 138 75 143 19 22 87 24 152 153 27 156 31 161 35 101 102 107 109 173 47 175 111 119 184 186 60 125 205.76
33 1 131 197 5 134 8 138 75 143 19 22 87 24 152 153 27 156 31 161 35 101 102 107 109 173 47 175 111 119 184 186 60 125 862.29
32 1 131 197 5 134 8 138 75 143 19 22 87 24 152 153 27 31 161 35 101 102 107 109 173 47 175 111 119 184 186 60 125 327.50
32 1 131 197 5 8 73 138 75 143 19 22 87 24 152 153 27 31 161 35 101 102 107 109 173 47 175 111 119 184 186 60 125 145.50
31 1 131 197 5 8 73 138 75 143 19 22 87 24 152 153 27 161 35 101 102 107 109 173 47 175 111 119 184 186 60 125 132.23
30 1 131 5 8 73 138 75 143 19 22 87 24 152 153 27 161 35 101 102 107 109 173 47 175 111 119 184 186 60 125 202.96
29 1 131 5 8 73 138 75 143 19 22 87 24 152 153 27 161 35 101 107 109 173 47 175 111 119 184 186 60 125 203.78
28 1 131 8 73 138 75 143 19 22 87 24 152 153 27 161 35 101 107 109 173 47 175 111 119 184 186 60 125 625.65
28 1 131 8 73 138 75 143 19 84 22 87 24 152 153 27 161 35 101 107 109 173 175 111 119 184 186 60 125 842.24
27 1 131 8 73 138 75 143 19 84 22 87 24 152 153 27 35 101 107 109 173 175 111 119 184 186 60 125 203.70
26 1 131 8 73 138 75 143 19 84 22 87 24 152 153 27 35 101 107 109 173 175 111 119 184 186 125 338.98
26 1 193 131 73 138 75 143 19 84 22 87 24 152 153 27 35 101 107 109 173 175 111 119 184 186 125 152.77
26 1 193 131 73 138 75 143 15 19 84 22 87 24 152 153 27 35 107 109 173 175 111 119 184 186 125 283.84
25 1 193 131 73 138 75 143 15 19 84 22 87 24 152 153 27 35 107 109 173 175 111 119 184 125 160.05
24 1 193 131 35 73 138 107 109 173 143 15 175 111 19 84 22 87 119 24 152 184 153 27 125 508.92
23 1 193 131 35 73 138 107 109 173 143 15 175 19 84 22 87 119 24 152 184 153 27 125 331.74
22 1 193 131 35 73 138 109 173 143 15 175 19 84 22 87 119 24 152 184 153 27 125 1228.02
22 1 193 131 35 73 138 109 173 143 15 175 145 19 84 22 87 24 152 184 153 27 125 98.94
21 1 193 131 35 73 138 173 143 15 175 145 19 84 22 87 24 152 184 153 27 125 547.08
21 1 193 131 35 40 73 138 173 15 175 145 19 84 22 87 24 152 184 153 27 125 14.27
20 1 193 131 35 40 73 138 173 15 175 145 19 84 87 24 152 184 153 27 125 292.10
19 1 193 131 35 40 73 138 15 175 145 19 84 87 24 152 184 153 27 125 111.55
18 1 193 131 35 40 73 138 15 175 145 19 84 87 24 184 153 27 125 388.00
18 1 193 131 35 7 40 73 138 15 145 19 84 87 24 184 153 27 125 339.50
18 1 193 131 35 7 40 73 138 15 145 19 84 86 87 24 153 27 125 205.49
17 1 193 131 35 7 40 73 138 15 145 19 84 86 87 24 153 125 132.48
16 1 193 131 35 7 40 73 15 145 19 84 86 87 24 153 125 801.35
15 1 193 35 7 40 73 15 145 19 84 86 87 24 153 125 868.08
14 1 193 7 40 73 15 145 19 84 86 87 24 153 125 397.62
13 1 193 7 40 73 15 145 19 84 86 87 24 153 290.81
12 1 193 145 19 84 86 7 87 40 24 153 15 278.69
11 1 193 145 19 86 7 87 40 24 153 15 503.45
10 1 193 145 19 86 87 40 24 153 15 157.14
9 1 193 145 86 87 40 24 153 15 706.48
8 1 193 145 86 40 24 153 15 45.79
7 1 193 145 86 40 24 15 145.37
6 1 193 145 86 40 15 235.07
5 1 193 145 86 15 528.44
5 0 1 193 86 15 288.09
4 0 1 86 15 392.00
3 0 1 86 229.00
2 0 86 1318.00
1 86 750.00
131627.94
500_SUM 1300_QR 1300_QR 35_XPY 1200_QR 200_SUM 500_SUM 35_XPY 65_XPY 20_XPY 500_SUM 1200_QR 50_XPY 55_COPY 1300_QR 1200_QR 55_COPY 1100_QR 350_SUM 650_SUM 350_SUM 1300_QR 55_COPY 1300_QR 40_COPY 1200_QR 500_SUM 55_COPY 500_SUM 200_SUM 10_COPY 650_SUM 55_COPY 10_COPY 20_XPY 1200_QR 200_SUM 55_COPY 50_XPY 350_SUM 1000_QR 1200_QR 35_XPY 20_XPY 1100_QR 35_XPY 25_COPY 650_SUM 10_COPY 200_SUM 55_COPY 65_XPY 1000_QR 350_SUM 65_XPY 55_COPY 200_SUM 200_SUM 35_XPY 50_XPY 650_SUM 35_XPY 1300_QR 50_XPY 1000_QR 50_XPY 1100_QR 25_COPY 35_XPY 1200_QR 1000_QR 1200_QR 50_XPY 1000_QR 1300_QR 650_SUM 1100_QR 350_SUM 10_COPY 350_SUM 500_SUM 500_SUM 1300_QR 200_SUM 1000_QR 25_COPY 1300_QR 25_COPY 1000_QR 20_XPY 25_COPY 1300_QR 65_XPY 200_SUM 50_XPY 55_COPY 25_COPY 350_SUM 55_COPY 1100_QR 1300_QR 650_SUM 55_COPY 65_XPY 55_COPY 35_XPY 50_XPY 650_SUM 20_XPY 650_SUM 350_SUM 1000_QR 500_SUM 50_XPY 20_XPY 20_XPY 50_XPY 350_SUM 500_SUM 650_SUM 20_XPY 50_XPY 350_SUM 1100_QR 500_SUM 1200_QR 1300_QR 500_SUM 1100_QR 20_XPY 1100_QR 1000_QR 200_SUM 1100_QR 200_SUM 35_XPY 1000_QR 20_XPY 1000_QR 35_XPY 55_COPY 1300_QR 1000_QR 650_SUM 1200_QR 500_SUM 1000_QR 10_COPY 40_COPY 350_SUM 50_XPY 65_XPY 650_SUM 1300_QR 1200_QR 55_COPY 40_COPY 40_COPY 1100_QR 40_COPY 1300_QR 350_SUM 25_COPY 25_COPY 25_COPY 50_XPY 1300_QR 1300_QR 40_COPY 65_XPY 20_XPY 55_COPY 35_XPY 65_XPY 1100_QR 650_SUM 65_XPY 50_XPY 1000_QR 20_XPY 65_XPY 1000_QR 1200_QR 1300_QR 650_SUM 25_COPY 200_SUM 10_COPY 500_SUM 55_COPY 55_COPY 1200_QR 35_XPY 650_SUM 20_XPY 10_COPY 10_COPY 10_COPY 25_COPY 10_COPY 