198
1 199 5615.00
1 198 1341.00
2 195 197 2137.00
2 195 196 855.00
1 195 1603.00
1 194 3492.00
2 193 190 3229.00
2 193 187 810.00
2 192 187 2419.00
1 192 5292.00
3 188 189 191 1341.00
4 185 186 189 191 2388.00
3 185 189 191 310.00
2 185 191 807.00
1 191 769.00
1 184 3492.00
2 182 183 1420.00
3 180 181 183 2072.00
2 180 181 1420.00
2 178 179 3505.00
2 177 179 1090.00
1 177 2402.00
1 176 1341.00
2 174 175 855.00
2 173 175 1449.00
1 173 688.00
2 171 172 1496.00
2 169 172 1733.00
3 168 169 170 3882.00
2 168 170 157.00
1 168 556.00
1 167 855.00
1 166 1496.00
2 164 165 3492.00
1 164 1781.00
2 162 163 3229.00
2 161 162 1366.00
2 160 161 1411.00
1 160 9.00
1 159 3229.00
2 157 158 3492.00
1 157 13.00
1 156 2388.00
2 154 155 855.00
2 152 154 486.00
2 152 153 1420.00
1 152 5805.00
2 150 151 2777.00
2 147 150 452.00
2 147 149 2304.00
2 147 148 2137.00
2 146 147 2388.00
2 147 142 430.00
2 145 142 425.00
1 145 1071.00
2 144 141 2388.00
1 144 3227.00
2 139 143 2137.00
1 143 1902.00
1 140 3229.00
3 136 137 138 855.00
3 135 136 137 486.00
2 135 136 1651.00
2 134 136 237.00
1 134 2992.00
2 132 133 2388.00
1 132 1117.00
1 131 1341.00
1 130 5273.00
2 129 125 855.00
2 128 125 486.00
1 128 1651.00
1 127 7711.00
1 126 3229.00
2 123 124 3492.00
4 119 121 122 124 1103.00
3 119 121 122 238.00
3 118 121 122 2137.00
2 121 122 1795.00
2 120 122 2438.00
1 120 5273.00
2 114 117 855.00
4 114 115 116 111 1496.00
4 112 113 114 111 855.00
3 112 114 111 299.00
3 112 110 111 855.00
2 112 110 565.00
2 112 107 2021.00
3 107 108 109 116.00
2 108 109 1304.00
1 108 1809.00
2 105 106 4039.00
1 106 1576.00
1 104 3492.00
1 103 2137.00
3 99 101 102 3229.00
2 101 102 263.00
3 98 100 101 13.00
2 98 100 2291.00
2 98 95 473.00
3 96 97 95 947.00
2 96 97 1830.00
1 97 1262.00
3 92 93 94 1496.00
2 92 94 641.00
2 90 92 2458.00
2 90 91 1034.00
2 89 91 2195.00
1 89 109.00
2 87 88 1496.00
2 85 87 808.00
2 85 86 1341.00
2 84 85 1343.00
1 84 2696.00
2 81 83 3229.00
2 81 82 2044.00
1 82 344.00
2 80 79 3229.00
4 80 75 76 78 2137.00
3 80 76 78 640.00
2 80 78 1705.00
1 78 3229.00
2 74 77 1341.00
1 77 79.00
1 73 5615.00
2 71 72 1420.00
3 68 70 72 76.00
2 68 70 779.00
1 70 1282.00
2 65 69 1496.00
1 69 808.00
2 64 67 2388.00
1 67 2207.00
1 66 3492.00
4 54 61 62 63 1341.00
3 61 62 63 155.00
3 58 62 63 641.00
3 58 60 63 2458.00
3 58 59 60 2777.00
3 56 58 60 380.00
2 56 58 1455.00
3 55 56 57 2760.00
2 55 57 2513.00
1 57 342.00
1 53 4039.00
1 52 4595.00
1 51 7711.00
1 50 2304.00
1 49 2777.00
1 48 4039.00
2 45 47 1341.00
3 44 45 46 1420.00
2 44 45 16.00
3 42 43 44 868.00
2 42 43 1520.00
1 43 1651.00
2 40 41 2388.00
2 39 41 5273.00
2 37 41 50.00
2 37 38 805.00
2 33 38 5615.00
1 38 1291.00
1 36 1341.00
1 35 2304.00
1 34 1341.00
2 32 31 1496.00
2 30 31 1281.00
2 28 30 1420.00
1 30 5010.00
2 27 29 3492.00
1 29 4219.00
2 24 26 2388.00
2 24 25 389.00
2 21 25 1915.00
2 21 23 1590.00
1 23 3683.00
3 19 20 22 3229.00
2 20 22 2386.00
1 22 2096.00
3 16 17 18 1496.00
2 16 17 2543.00
1 16 556.00
2 13 15 2304.00
2 8 15 1201.00
2 8 14 2304.00
1 14 1735.00
1 12 1341.00
1 11 2304.00
1 10 4595.00
1 9 855.00
2 2 7 2137.00
3 2 4 6 167.00
2 4 6 2610.00
2 4 5 2777.00
1 4 2157.00
1 3 2304.00
1 1 5615.00
1 0 7711.00
396609.00
55_COPY 40_COPY 1000_QR 1000_QR 55_COPY 650_SUM 650_SUM 500_SUM 25_COPY 200_SUM 65_XPY 1000_QR 20_XPY 1000_QR 1200_QR 25_COPY 65_XPY 1200_QR 350_SUM 1100_QR 40_COPY 25_COPY 55_COPY 1300_QR 650_SUM 1000_QR 35_XPY 50_XPY 10_COPY 55_COPY 55_COPY 650_SUM 350_SUM 40_COPY 20_XPY 1000_QR 20_XPY 200_SUM 55_COPY 1300_QR 35_XPY 55_COPY 35_XPY 1200_QR 1000_QR 650_SUM 10_COPY 20_XPY 1200_QR 650_SUM 1000_QR 55_COPY 65_XPY 1200_QR 20_XPY 1300_QR 65_XPY 40_COPY 55_COPY 650_SUM 40_COPY 350_SUM 500_SUM 65_XPY 35_XPY 350_SUM 50_XPY 65_XPY 200_SUM 1000_QR 500_SUM 10_COPY 350_SUM 40_COPY 20_XPY 500_SUM 650_SUM 10_COPY 55_COPY 1100_QR 55_COPY 1300_QR 35_XPY 1100_QR 1200_QR 50_XPY 20_XPY 1000_QR 350_SUM 1000_QR 50_XPY 1100_QR 65_XPY 350_SUM 500_SUM 10_COPY 650_SUM 1200_QR 650_SUM 1100_QR 1000_QR 25_COPY 50_XPY 500_SUM 50_XPY 1200_QR 40_COPY 500_SUM 1100_QR 10_COPY 10_COPY 25_COPY 65_XPY 200_SUM 25_COPY 350_SUM 350_SUM 200_SUM 500_SUM 20_XPY 55_COPY 1300_QR 55_COPY 50_XPY 65_XPY 20_XPY 1100_QR 55_COPY 500_SUM 200_SUM 1300_QR 20_XPY 25_COPY 35_XPY 1100_QR 500_SUM 1100_QR 20_XPY 200_SUM 500_SUM 1100_QR 35_XPY 200_SUM 1200_QR 40_COPY 350_SUM 35_XPY 55_COPY 500_SUM 1000_QR 1100_QR 650_SUM 55_COPY 10_COPY 20_XPY 200_SUM 35_XPY 25_COPY 50_XPY 1100_QR 10_COPY 650_SUM 65_XPY 1100_QR 1300_QR 50_XPY 350_SUM 200_SUM 65_XPY 40_COPY 1200_QR 350_SUM 1100_QR 500_SUM 200_SUM 1000_QR 20_XPY 50_XPY 25_COPY 65_XPY 50_XPY 50_XPY 10_COPY 50_XPY 50_XPY 25_COPY 35_XPY 1100_QR 20_XPY 1200_QR 1100_QR 40_COPY 55_COPY 1200_QR 50_XPY 65_XPY 200_SUM 500_SUM 20_XPY 40_COPY 