98
1 99 5615.00
1 98 2388.00
2 97 95 5273.00
1 97 342.00
1 96 2304.00
1 94 4039.00
3 91 92 93 1420.00
3 88 92 93 76.00
3 88 89 92 3416.00
2 89 92 1179.00
1 92 1620.00
1 90 3492.00
2 86 87 2388.00
2 85 87 855.00
1 87 2030.00
1 84 2304.00
1 83 3505.00
3 80 82 79 2388.00
2 80 82 841.00
2 80 81 2044.00
2 81 78 260.00
1 78 7451.00
1 77 2777.00
1 76 2388.00
1 75 1496.00
1 74 2777.00
2 72 73 2304.00
1 73 925.00
2 70 71 4039.00
2 68 70 855.00
1 70 721.00
1 69 5273.00
2 65 67 855.00
1 67 1922.00
2 64 66 2137.00
3 64 61 62 1355.00
3 61 62 63 1033.00
3 59 61 63 1104.00
3 59 60 63 1368.00
2 59 60 757.00
2 58 60 2137.00
2 57 60 1353.00
2 56 57 951.00
2 53 56 2137.00
1 56 404.00
2 54 55 2137.00
1 54 3136.00
2 51 52 2304.00
1 52 3311.00
1 50 3229.00
2 48 49 4039.00
1 49 556.00
2 46 47 2304.00
2 42 47 473.00
2 42 45 1420.00
2 42 44 1599.00
1 44 3674.00
1 43 1341.00
2 36 41 3492.00
1 41 1781.00
1 40 3492.00
1 39 5615.00
1 38 1496.00
1 37 855.00
1 35 4595.00
2 33 34 4595.00
1 34 3116.00
2 32 31 1420.00
1 31 3175.00
2 29 30 1496.00
1 30 3099.00
2 27 28 855.00
2 26 28 6856.00
2 24 26 855.00
2 24 25 565.00
1 25 855.00
1 23 2304.00
1 22 3492.00
2 20 21 1341.00
2 19 20 79.00
2 17 19 4595.00
1 19 3037.00
1 18 2388.00
1 16 1420.00
3 13 14 15 1420.00
1 15 4195.00
2 8 12 3492.00
2 10 11 2388.00
1 10 841.00
3 4 5 9 1341.00
3 4 5 7 79.00
2 5 7 2085.00
1 7 1065.00
2 3 6 1496.00
1 6 1281.00
1 2 2388.00
2 0 1 855.00
1 1 3740.00
219356.00
200_SUM 65_XPY 35_XPY 350_SUM 10_COPY 25_COPY 650_SUM 1100_QR 50_XPY 20_XPY 1100_QR 35_XPY 50_XPY 10_COPY 10_COPY 40_COPY 10_COPY 65_XPY 35_XPY 55_COPY 10_COPY 20_XPY 50_XPY 1000_QR 10_COPY 10_COPY 55_COPY 200_SUM 55_COPY 350_SUM 65_XPY 65_XPY 10_COPY 65_XPY 55_COPY 65_XPY 50_XPY 200_SUM 350_SUM 40_COPY 50_XPY 1300_QR 50_XPY 20_XPY 1300_QR 10_COPY 1000_QR 650_SUM 1200_QR 65_XPY 1100_QR 1000_QR 40_COPY 500_SUM 1300_QR 500_SUM 50_XPY 1000_QR 500_SUM 1100_QR 40_COPY 50_XPY 35_XPY 25_COPY 50_XPY 200_SUM 500_SUM 650_SUM 200_SUM 1300_QR 40_COPY 1200_QR 1000_QR 1100_QR 650_SUM 350_SUM 35_XPY 650_SUM 55_COPY 35_XPY 1300_QR 1000_QR 1100_QR 25_COPY 1000_QR 200_SUM 35_XPY 1300_QR 50_XPY 65_XPY 50_XPY 10_COPY 55_COPY 350_SUM 1200_QR 1300_QR 1000_QR 40_COPY 35_XPY 40_COPY 