94
18 65 64 81 26 12 45 23 25 48 54 50 69 41 39 58 5 35 47 2750.93
20 2 35 3 69 5 39 41 10 12 45 47 79 48 81 50 54 23 25 26 58 2236.31
21 2 35 3 69 5 38 39 41 10 42 45 78 47 79 48 50 54 23 25 58 63 3400.55
22 2 35 3 69 5 38 39 41 9 10 42 45 78 47 79 48 50 85 23 25 58 63 39.15
23 35 3 69 5 38 39 41 9 10 42 45 78 47 79 48 50 85 23 56 25 58 93 63 649.48
24 35 3 4 69 5 38 39 41 9 10 42 74 45 78 47 79 50 85 23 56 25 58 93 63 896.63
24 35 3 4 69 5 38 39 41 9 10 42 74 45 47 79 50 85 23 56 25 58 93 29 63 1214.39
24 35 3 4 69 5 38 39 41 9 10 42 74 45 47 79 50 52 85 56 25 58 93 29 63 643.63
25 3 4 69 5 9 10 74 13 79 15 25 93 29 35 38 39 41 42 45 47 50 52 56 58 63 754.92
26 3 4 69 5 8 9 10 74 13 79 15 25 93 29 98 35 38 39 41 42 45 47 50 52 56 63 832.17
27 3 4 69 5 8 9 10 74 13 79 15 25 27 93 29 98 35 38 39 41 42 45 46 47 52 56 63 10.03
27 3 4 5 8 9 10 74 76 13 79 15 25 27 93 29 98 35 38 39 41 42 45 46 47 52 56 63 1886.04
28 3 4 5 7 8 9 10 74 76 13 15 16 25 27 93 29 98 35 38 39 41 42 45 46 47 52 56 63 12.92
27 3 4 5 7 8 9 10 74 76 13 15 16 25 27 93 29 98 35 38 39 41 45 46 47 52 56 63 41.76
28 3 4 5 7 8 9 10 74 76 13 15 16 25 27 29 31 98 35 38 39 41 45 46 47 49 52 56 63 393.00
27 3 4 5 7 8 9 10 74 76 13 15 16 25 27 31 98 35 38 39 41 45 46 47 49 52 56 63 485.96
28 3 5 7 8 9 10 74 76 13 15 16 25 27 31 98 35 38 39 41 45 46 47 49 52 56 57 60 63 363.75
30 3 7 8 9 10 74 11 76 13 15 16 82 84 27 31 98 34 35 38 39 41 45 46 49 52 56 57 60 61 63 691.12
31 3 7 8 9 10 74 11 76 13 14 15 16 82 84 22 27 31 98 34 38 39 41 45 46 49 52 56 57 60 61 63 1542.90
32 3 7 9 10 74 11 76 13 14 15 16 82 84 22 27 31 97 98 34 38 39 41 45 46 49 51 52 56 57 60 61 63 332.86
33 3 7 9 10 74 11 76 13 14 15 16 17 82 84 22 27 31 97 98 34 38 39 45 46 49 51 52 55 56 57 60 61 63 503.28
34 3 7 9 10 74 11 76 13 14 15 16 17 82 84 22 90 27 31 97 33 98 34 39 45 46 49 51 52 55 56 57 60 61 63 184.37
33 3 7 9 10 74 11 13 14 15 16 17 82 84 22 90 27 31 97 33 98 34 39 45 46 49 51 52 55 56 57 60 61 63 1057.88
34 3 7 9 10 74 11 13 14 15 16 17 82 83 84 22 87 90 27 31 97 33 34 39 45 46 49 51 52 55 56 57 60 61 63 128.56
35 3 70 7 9 74 11 13 14 15 16 17 82 83 84 22 87 90 27 31 97 33 34 39 45 46 49 51 52 55 56 57 59 60 61 63 384.64
36 1 3 70 6 7 9 74 11 13 14 15 16 17 82 83 84 22 87 90 27 31 97 33 39 45 46 49 51 52 55 56 57 59 60 61 63 485.19
35 1 3 70 6 7 9 74 11 13 14 15 16 17 82 83 84 22 87 90 27 97 33 39 45 46 49 51 52 55 56 57 59 60 61 63 1181.08
34 1 3 70 6 7 9 74 11 13 14 15 16 17 82 83 84 22 87 90 27 97 33 39 45 46 49 51 55 56 57 59 60 61 63 1238.92
33 1 3 70 6 7 9 74 11 13 14 15 17 82 83 84 22 87 90 27 97 33 39 45 46 49 51 55 56 57 59 60 61 63 52.20
32 1 3 70 6 7 9 74 11 13 14 15 17 82 83 84 22 87 90 27 97 33 39 45 46 51 55 56 57 59 60 61 63 538.25
33 1 70 6 7 71 9 74 11 13 14 15 17 82 83 84 22 87 90 27 97 33 99 39 45 46 51 55 56 57 59 60 61 63 44.45
34 1 70 6 7 71 9 74 11 13 14 15 17 82 83 84 22 87 88 90 27 92 97 33 99 39 45 46 51 56 57 59 60 61 63 700.84
33 1 70 6 7 71 9 74 11 13 14 15 17 82 83 84 22 87 88 90 27 92 97 33 99 39 45 46 51 56 59 60 61 63 363.65
32 1 70 6 7 71 9 74 11 13 14 15 17 82 83 84 22 87 88 90 27 92 97 33 99 39 45 46 51 56 59 60 63 64.62
31 1 70 6 7 71 9 74 11 14 15 17 82 83 84 22 87 88 90 27 92 97 33 99 39 45 46 51 56 59 60 63 1131.69
30 70 6 7 71 9 74 11 14 15 17 82 83 84 22 87 88 90 27 92 97 33 99 39 45 46 51 56 59 60 63 110.29
29 70 6 7 71 9 74 11 14 15 17 82 83 84 22 87 88 90 27 92 97 33 99 39 45 46 51 59 60 63 185.48
29 70 6 7 71 74 11 14 15 17 82 18 83 84 22 87 88 90 27 92 97 33 99 39 45 46 51 59 60 63 496.02
30 70 6 7 71 74 11 14 15 17 82 18 83 84 21 22 87 88 90 27 92 97 33 99 44 45 46 51 59 60 63 291.11
29 70 6 7 71 74 11 14 15 17 82 18 83 84 21 22 87 88 90 27 92 97 33 99 44 45 46 51 60 63 218.19
30 70 6 7 71 74 11 75 14 15 82 18 83 84 21 22 87 88 90 27 91 92 97 33 99 44 45 46 51 60 63 1573.59
29 70 6 7 71 74 11 75 14 15 82 18 84 21 22 87 88 90 27 91 92 97 33 99 44 45 46 51 60 63 100.97
28 70 6 7 71 74 11 75 14 15 82 18 84 21 22 87 88 90 27 91 92 97 33 99 44 45 51 60 63 2406.98
27 70 6 7 71 74 11 75 14 15 82 18 84 21 22 87 88 90 27 91 92 97 33 99 45 51 60 63 658.65
26 70 6 7 71 11 75 14 15 82 18 84 21 22 87 88 90 27 91 92 97 33 99 45 51 60 63 634.69
27 70 6 7 71 11 75 14 15 82 18 21 22 87 88 90 27 91 92 28 97 33 99 40 45 51 60 63 644.63
26 6 7 71 11 75 14 15 82 18 21 22 87 88 90 27 91 92 28 97 33 99 40 45 51 60 63 38.57
26 6 7 71 11 75 14 15 80 82 18 21 22 87 88 90 91 92 28 97 33 99 40 45 51 60 63 214.94
27 66 6 7 71 11 75 14 15 80 82 18 21 22 87 88 90 91 92 28 95 97 33 99 40 45 51 60 1541.68
26 66 6 7 71 11 75 14 15 80 82 18 22 87 88 90 91 92 28 95 97 33 99 40 45 51 60 882.30
25 66 6 7 71 11 75 14 15 80 82 18 22 87 88 90 91 92 28 95 97 33 99 40 45 60 174.49
24 97 33 66 99 6 7 71 40 11 75 45 14 15 80 82 18 22 87 88 90 91 28 60 95 130.91
24 96 97 33 66 99 6 7 40 11 75 45 14 15 80 82 18 22 87 88 90 91 28 60 95 51.39
23 96 97 33 66 99 6 7 40 11 75 45 14 15 80 82 18 22 88 90 91 28 60 95 40.10
23 96 33 66 99 6 7 40 11 75 45 14 15 80 82 18 22 88 90 91 28 60 62 95 477.27
24 96 33 66 99 36 6 7 40 11 75 45 14 15 80 82 18 19 88 90 91 28 60 62 95 1298.96
23 96 33 66 99 36 6 7 40 11 75 45 14 15 80 82 19 88 90 91 28 60 62 95 361.19
22 96 33 66 99 36 6 7 40 11 75 45 14 15 80 82 19 88 90 91 28 62 95 125.34
21 96 33 66 99 36 6 7 40 11 75 45 14 15 80 82 19 88 91 28 62 95 382.44
21 96 33 66 99 36 6 7 40 75 45 14 15 80 82 19 86 88 91 28 62 95 837.20
22 96 33 66 99 36 68 6 7 40 75 43 14 15 80 82 19 86 88 91 28 62 95 689.80
21 96 33 66 99 36 68 6 7 40 75 43 14 15 80 82 19 86 91 28 62 95 416.44
20 96 66 99 36 68 6 7 40 75 43 14 15 80 82 19 86 91 28 62 95 331.87
19 66 99 36 68 6 7 40 75 43 14 15 80 82 19 86 91 28 62 95 465.78
18 66 99 36 68 6 7 40 75 43 14 15 80 82 86 91 28 62 95 403.69
17 66 99 36 68 7 40 75 43 14 15 80 82 86 91 28 62 95 392.08
16 66 99 36 68 7 40 75 43 14 15 80 82 86 91 28 62 264.96
15 66 99 36 68 7 40 75 43 14 15 80 82 86 91 62 1530.57
16 66 99 67 36 68 7 40 73 75 43 15 80 82 86 91 62 182.56
15 66 99 67 68 7 40 73 75 43 15 80 82 86 91 62 199.72
14 66 99 67 68 40 73 75 43 15 80 82 86 91 62 486.34
13 66 99 67 68 40 73 75 43 15 82 86 91 62 154.04
12 66 82 99 67 68 86 40 73 75 43 62 15 213.89
11 66 82 99 67 68 86 73 75 43 62 15 463.43
12 82 99 67 68 20 37 86 73 75 43 62 15 196.37
11 82 99 67 68 20 37 86 73 75 62 15 56.01
10 82 99 67 68 20 37 73 75 62 15 753.96
9 82 99 67 68 20 37 73 75 15 259.00
8 82 99 67 68 20 37 75 15 366.28
7 82 99 67 68 20 37 75 86.95
8 82 67 68 20 37 24 75 77 289.98
8 32 82 67 68 20 37 24 77 260.68
7 32 82 67 20 37 24 77 419.87
8 32 67 20 37 24 72 77 94 1420.00
7 32 67 20 37 72 77 94 72.19
7 32 20 37 72 77 94 30 334.78
7 32 20 37 53 89 77 30 730.37
6 32 37 53 89 77 30 611.00
5 32 37 89 77 30 159.00
5 32 0 89 77 30 301.00
4 32 0 89 30 269.93
3 0 89 30 318.00
2 89 30 862.00
1 30 1011.00
56089.00
200_SUM 20_XPY 35_XPY 1200_QR 10_COPY 650_SUM 1200_QR 40_COPY 200_SUM 1100_QR 25_COPY 1200_QR 35_XPY 1000_QR 1300_QR 55_COPY 35_XPY 10_COPY 1000_QR 200_SUM 25_COPY 35_XPY 25_COPY 65_XPY 35_XPY 650_SUM 35_XPY 25_COPY 1000_QR 200_SUM 65_XPY 200_SUM 650_SUM 1200_QR 20_XPY 650_SUM 350_SUM 1200_QR 500_SUM 1300_QR 1100_QR 1200_QR 1000_QR 50_XPY 20_XPY 55_COPY 65_XPY 650_SUM 1000_QR 35_XPY 1100_QR 1100_QR 350_SUM 20_XPY 1000_QR 20_XPY 1100_QR 10_COPY 500_SUM 200_SUM 1200_QR 10_COPY 1100_QR 1300_QR 20_XPY 20_XPY 1100_QR 1100_QR 1100_QR 1100_QR 1000_QR 50_XPY 200_SUM 35_XPY 1200_QR 1300_QR 200_SUM 65_XPY 200_SUM 65_XPY 500_SUM 35_XPY 55_COPY 10_COPY 65_XPY 20_XPY 1000_QR 65_XPY 1100_QR 650_SUM 25_COPY 1200_QR 1000_QR 35_XPY 200_SUM 350_SUM 200_SUM 1100_QR 10_COPY 40_COPY 