146
40 190 185 184 176 163 71 61 50 30 20 2 16 52 65 113 122 124 134 136 165 175 178 187 198 96 104 140 153 156 157 169 172 177 3 31 41 73 74 78 125 6877.32
40 65 2 3 5 134 198 136 73 74 140 141 78 79 16 81 151 24 153 156 157 31 96 165 104 169 41 172 45 46 175 113 177 178 52 55 122 187 124 125 63 2150.70
40 65 2 3 5 134 136 73 74 140 141 78 79 16 81 151 24 153 156 157 93 94 31 96 99 165 102 104 169 41 172 45 46 113 177 52 55 122 124 125 63 3440.08
40 3 131 5 73 74 140 141 78 79 81 145 151 24 153 155 156 157 93 94 31 96 162 99 102 103 104 169 41 105 172 108 45 109 46 110 177 180 55 125 63 1688.50
40 3 131 5 73 74 140 141 78 79 81 145 151 24 153 155 156 157 93 94 31 96 162 99 102 103 104 41 105 108 45 109 46 110 180 55 183 188 125 189 63 1074.01
40 193 3 131 67 5 73 74 141 78 79 80 81 145 151 24 155 93 94 31 32 162 99 102 103 41 105 108 45 109 46 110 49 180 55 183 56 188 125 189 63 3402.45
40 193 130 3 131 67 195 5 141 13 79 80 81 145 82 150 151 24 155 93 94 32 162 99 102 103 105 108 45 109 46 110 49 114 180 55 183 56 188 189 63 1720.16
40 193 130 131 67 195 5 141 13 79 80 81 145 82 150 22 151 24 155 93 94 32 162 99 102 103 105 108 45 109 46 110 49 114 180 55 183 56 188 189 63 8595.38
40 193 130 131 67 195 5 13 79 80 81 145 82 150 22 24 25 155 28 93 94 32 162 99 102 103 105 108 45 109 46 110 49 114 180 55 183 56 188 189 63 12219.44
40 193 130 131 67 195 5 79 80 81 145 82 150 22 24 25 155 28 93 94 32 162 99 35 102 103 105 108 45 109 46 110 49 114 180 55 183 56 188 189 63 1331.47
40 193 130 131 67 195 5 79 80 81 145 82 150 22 24 25 155 28 93 94 32 162 99 35 102 103 39 40 105 108 45 109 46 110 49 114 180 183 56 188 189 385.67
40 193 130 131 67 195 5 79 80 81 145 82 150 24 25 155 28 93 94 32 162 99 35 102 103 39 40 105 108 45 109 46 110 49 114 51 180 183 56 188 189 5205.41
40 193 130 131 67 195 5 79 80 81 145 82 150 24 25 155 28 93 94 32 162 99 35 102 103 39 40 105 108 45 109 46 110 49 114 51 183 56 188 189 62 1198.32
40 193 130 131 67 195 5 79 80 81 145 82 150 24 25 89 155 28 93 94 32 162 99 35 102 103 39 40 105 108 45 109 110 49 114 51 183 56 188 189 62 488.21
40 193 130 131 67 195 5 139 79 80 81 145 82 150 24 25 89 155 28 93 94 32 162 99 35 102 103 39 40 105 108 45 109 110 112 49 114 51 183 56 62 247.27
40 193 130 131 67 195 5 139 79 80 81 145 82 150 24 25 89 155 28 93 94 32 161 162 99 35 102 103 39 40 105 108 45 109 110 112 49 114 51 56 62 1471.99
40 193 130 131 67 195 5 139 14 79 80 81 145 82 150 24 89 155 93 94 32 161 162 99 35 102 103 39 40 105 108 45 109 110 174 112 49 114 51 56 62 2967.28
40 193 130 131 67 195 5 139 14 79 80 81 145 82 18 150 24 89 155 93 94 32 161 162 99 35 102 103 39 40 105 108 109 110 174 112 49 114 51 56 62 1702.38
40 193 130 131 67 195 5 139 14 79 80 81 145 82 18 150 89 155 93 94 32 161 162 99 35 37 102 103 39 40 105 108 109 110 174 112 49 114 51 56 62 542.10
40 193 130 131 67 195 5 72 139 14 80 145 82 18 150 89 155 93 94 32 161 162 99 35 37 102 103 39 40 105 108 109 110 174 112 49 114 51 54 56 62 846.43
40 193 130 131 67 195 72 139 14 80 145 82 18 150 89 155 93 94 32 161 162 99 35 37 102 103 39 40 105 108 109 110 174 112 49 114 51 115 54 56 62 123.64
40 193 129 130 131 67 195 72 139 14 80 145 82 18 150 89 155 93 94 32 161 162 35 37 103 39 167 40 105 108 109 174 112 49 114 51 115 54 118 56 62 1711.89
40 193 129 130 131 67 195 199 72 139 14 80 145 82 18 150 89 155 32 161 162 35 37 103 39 167 40 105 108 109 174 112 49 114 51 115 179 54 118 56 62 2586.86
40 193 129 130 131 67 195 199 72 139 12 14 80 145 82 18 150 89 155 32 161 162 35 37 103 39 167 40 105 108 174 112 49 114 51 115 179 54 118 56 62 865.46
40 64 193 129 130 131 67 195 199 72 139 12 14 80 145 82 18 150 86 87 89 155 32 161 162 35 37 39 167 40 174 112 49 114 51 115 179 54 118 56 62 1349.86
40 64 193 129 130 131 67 195 199 72 139 12 14 80 145 82 18 150 86 87 89 90 155 32 161 162 37 39 167 40 174 112 49 114 51 115 179 54 118 56 62 361.40
40 64 193 129 130 131 67 195 199 72 139 12 14 80 145 82 18 150 86 87 89 90 95 32 161 37 39 167 40 174 112 49 114 51 115 179 54 118 56 123 62 542.10
40 64 193 129 130 131 67 195 199 72 138 139 12 14 80 82 18 150 86 87 89 90 95 32 161 37 39 167 40 174 112 49 114 51 115 179 54 118 56 123 62 433.88
40 64 193 129 130 131 67 195 199 72 138 139 12 14 80 82 18 149 150 86 87 89 90 95 32 161 37 39 167 174 112 49 114 51 115 179 54 118 56 123 62 125.34
40 64 193 129 130 131 67 195 4 199 72 138 139 12 14 80 82 18 149 150 86 87 89 90 95 32 161 37 39 167 174 112 49 114 115 179 54 118 56 123 62 294.83
40 64 193 129 130 67 195 4 199 72 138 139 12 14 80 82 18 149 150 86 87 89 90 95 32 161 36 37 39 167 174 112 49 114 115 179 54 118 56 123 62 250.69
40 64 193 129 130 67 195 4 199 72 138 139 12 14 80 82 18 149 150 86 87 89 90 95 32 161 36 37 167 174 112 49 114 115 179 53 54 118 56 123 62 245.57
40 64 193 129 130 67 195 4 199 72 138 139 12 80 82 18 149 150 86 87 89 90 95 32 161 36 37 167 174 112 49 114 115 179 53 54 118 56 57 123 62 237.84
40 64 193 129 130 67 195 4 199 72 138 139 12 80 82 18 149 150 86 87 89 90 95 32 161 36 37 167 174 112 49 114 115 179 53 54 118 57 123 60 62 856.23
40 64 193 129 130 67 195 4 199 72 138 139 12 80 82 18 149 150 86 87 89 90 95 161 36 37 167 174 112 114 115 179 116 53 54 118 57 123 60 62 126 494.71
40 64 128 193 129 130 67 195 4 199 72 138 139 12 82 18 149 150 86 87 89 90 95 161 36 37 167 174 112 114 115 179 116 53 54 118 57 123 60 62 126 675.25
40 64 128 129 130 67 195 4 199 72 138 139 12 144 82 18 149 150 86 87 89 90 95 161 36 37 167 174 112 114 115 179 116 53 54 118 57 123 60 62 126 466.17
40 64 128 129 130 195 4 199 72 138 139 12 144 82 18 147 149 150 86 87 89 90 95 161 36 37 167 174 112 114 115 179 116 53 54 118 57 123 60 62 126 1618.85
40 64 128 129 130 195 4 199 72 138 139 12 144 82 147 149 150 86 87 89 90 95 161 36 37 167 173 174 112 114 115 179 116 53 54 118 57 123 60 62 126 634.73
40 64 128 129 130 194 195 4 199 72 138 139 144 82 147 149 150 86 87 89 90 95 161 36 37 167 173 174 112 114 115 179 116 53 54 118 57 123 60 62 126 859.53
40 128 129 130 194 195 4 199 72 138 139 144 82 147 149 150 89 90 29 95 161 33 36 37 167 42 173 174 112 114 115 179 116 53 54 118 57 123 60 62 126 371.03
40 128 129 130 194 195 4 199 72 138 139 144 82 147 84 149 150 89 90 29 95 161 33 36 37 167 42 173 174 112 115 179 116 53 54 118 57 123 60 62 126 66.60
40 128 129 130 194 195 4 199 72 138 139 144 82 147 84 149 89 90 91 29 95 161 33 36 37 167 42 173 174 112 115 179 116 53 54 118 57 123 60 62 126 203.57
40 128 129 130 194 195 4 133 199 72 138 139 143 144 82 147 84 149 89 90 91 29 95 161 33 36 167 42 173 174 112 115 179 116 53 118 57 123 60 62 126 228.33
40 128 129 130 194 195 4 133 199 72 138 139 143 144 147 84 149 89 90 91 29 158 95 161 33 36 167 42 173 174 112 115 179 116 53 118 57 123 60 62 126 154.27
40 128 129 130 194 195 4 133 199 72 138 139 143 144 147 84 149 89 90 91 29 158 95 160 161 33 36 167 42 173 174 112 115 179 116 53 118 57 123 60 126 123.68
40 128 129 130 194 4 133 199 72 138 139 143 144 147 84 149 89 90 91 29 158 95 160 161 33 36 164 167 42 173 174 112 115 179 116 53 118 57 123 60 126 155.10
40 128 129 130 194 4 133 199 72 138 139 143 144 147 84 149 89 90 91 29 158 95 160 161 33 36 164 167 42 171 173 174 112 115 179 116 53 57 123 60 126 426.46
40 128 129 130 194 4 133 199 72 138 139 143 144 147 84 149 89 91 29 158 95 160 161 33 36 164 167 42 171 173 174 112 115 179 116 53 57 186 123 60 126 426.46
40 128 129 130 194 4 133 199 72 138 139 143 144 147 84 149 89 91 29 158 95 160 161 33 36 164 167 42 171 173 174 112 115 179 116 53 57 186 60 126 191 19.39
40 128 192 129 130 194 4 133 199 138 139 143 144 147 84 149 89 91 29 158 95 160 161 33 36 164 167 42 171 173 174 112 115 179 116 53 57 186 60 126 191 99.18
40 128 192 129 130 194 4 133 199 138 139 143 144 147 19 84 149 89 91 29 158 160 161 33 36 164 167 42 171 173 174 112 115 179 116 53 57 186 60 126 191 261.73
40 128 192 129 130 194 4 133 199 138 139 143 144 147 19 84 149 89 91 29 158 160 161 33 36 164 167 42 171 43 173 174 112 179 116 53 57 186 60 126 191 436.22
40 128 192 129 130 194 4 133 199 138 139 143 144 147 19 84 149 89 91 29 158 160 161 33 36 164 42 171 43 173 174 112 179 116 53 57 186 58 60 126 191 257.86
40 128 192 129 130 194 4 133 199 139 143 144 147 19 83 84 149 89 91 29 158 160 161 33 36 164 42 171 43 173 174 112 179 116 53 57 186 58 60 126 191 614.89
40 128 192 129 130 194 4 133 199 139 143 144 147 19 83 84 88 89 91 29 158 160 161 33 36 164 42 171 43 173 174 112 179 116 53 57 186 58 60 126 191 77.55
40 128 192 130 194 4 133 199 139 143 144 147 19 83 84 88 89 91 29 158 160 161 33 36 164 42 171 43 173 174 112 179 116 53 119 57 186 58 60 126 191 134.99
40 128 192 130 194 4 133 199 137 139 143 144 147 19 83 84 88 89 91 29 158 160 161 33 36 164 42 171 43 173 174 179 116 53 119 57 186 58 60 126 191 218.81
40 128 192 194 4 133 199 137 139 143 144 147 19 83 84 148 88 89 91 29 158 160 161 33 36 164 42 171 43 173 174 179 116 53 119 57 186 58 60 126 191 347.11
40 128 192 194 4 133 199 137 139 143 144 147 19 83 84 148 88 91 29 158 160 161 33 36 164 168 42 171 43 173 174 179 116 53 119 57 186 58 60 126 191 368.36
40 128 192 194 4 133 197 199 137 139 143 144 147 19 83 84 148 88 91 29 158 160 161 33 36 164 168 42 171 43 173 174 116 53 119 57 186 58 60 126 191 289.26
40 128 192 194 4 133 197 199 8 137 139 143 144 147 19 83 84 148 88 91 29 158 160 33 36 164 168 42 171 43 173 174 116 53 119 57 186 58 60 126 191 1095.39
40 128 192 194 4 133 197 8 137 139 11 143 144 147 19 83 84 148 88 91 29 158 160 33 36 164 168 42 171 43 173 174 116 53 119 57 186 58 60 126 191 279.61
40 128 192 194 4 133 197 8 137 11 143 144 147 19 83 84 148 88 91 29 158 160 33 34 36 164 168 42 171 43 173 47 116 53 119 57 186 58 60 126 191 15269.75
40 128 192 194 4 133 197 8 137 11 77 143 144 147 19 83 84 148 88 91 29 158 160 33 34 36 164 168 42 171 43 173 47 116 119 57 186 58 60 126 191 20.05
40 128 192 194 133 197 8 137 11 77 143 144 147 19 83 84 148 85 88 91 29 158 160 33 97 34 164 168 42 171 43 173 47 116 119 57 186 58 60 126 191 210.55
40 128 192 194 133 197 8 137 11 77 143 144 147 19 83 84 148 85 88 91 29 158 160 33 97 34 98 164 168 42 171 43 173 47 116 119 186 58 60 126 191 50.13
40 128 192 194 133 197 8 137 11 77 143 144 147 19 83 84 148 85 88 91 29 158 160 33 97 34 98 164 101 168 42 171 43 173 47 116 119 186 58 126 191 1243.24
40 128 192 194 133 197 8 137 11 77 143 144 147 19 83 84 148 85 88 91 29 158 160 33 97 34 98 164 101 168 42 171 43 173 47 116 117 119 186 58 191 691.80
40 128 192 194 133 197 8 137 11 77 143 144 147 19 83 84 148 85 88 91 29 158 160 33 97 34 98 164 101 168 42 171 43 173 47 117 119 121 186 58 191 1493.89
40 192 194 133 197 8 137 11 77 143 144 147 19 83 84 148 85 88 91 29 158 160 33 97 34 98 164 101 168 42 171 43 173 47 117 119 121 186 58 191 127 367.78
40 192 194 133 197 137 11 77 143 144 146 147 19 83 84 148 85 88 91 29 158 160 33 97 34 98 164 101 168 42 171 43 173 47 117 119 121 186 58 191 127 300.78
40 192 194 133 197 137 11 77 143 146 147 19 83 84 148 85 88 91 29 158 160 33 97 34 98 164 101 168 42 171 43 173 47 117 181 119 121 186 58 191 127 491.28
40 192 194 133 197 137 11 77 143 146 19 83 84 148 85 88 91 29 158 160 33 97 34 98 164 101 168 42 171 43 173 47 117 181 182 119 121 186 58 191 127 309.71
40 192 194 133 197 7 137 77 143 146 19 83 84 148 85 88 91 29 158 160 33 97 34 98 164 101 168 42 171 43 173 47 117 181 182 119 121 186 58 191 127 271.00
40 192 194 133 197 7 137 10 77 143 15 146 19 83 84 148 85 88 91 29 158 160 33 97 98 164 101 168 42 171 43 173 117 181 182 119 121 186 58 191 127 1794.67
40 192 194 133 197 7 137 10 77 143 15 146 19 83 84 148 85 88 91 29 158 160 33 97 98 164 101 168 42 171 43 44 117 181 182 119 121 186 58 191 127 1503.92
40 192 133 197 7 137 10 75 77 143 15 146 19 83 84 148 85 88 91 29 158 160 33 97 98 164 101 168 42 171 43 44 117 181 182 119 121 186 58 191 127 1455.40
40 192 133 197 7 137 10 75 76 77 143 15 146 19 83 84 148 85 88 91 29 158 160 97 98 164 101 168 106 171 43 44 117 181 182 119 121 186 58 191 127 1689.11
40 192 133 197 7 137 10 75 76 77 143 15 146 19 83 84 148 85 88 91 29 158 160 97 98 101 168 106 171 43 44 117 181 182 119 120 121 186 58 191 127 116.86
40 192 132 133 197 7 137 10 75 76 77 143 15 146 19 83 84 148 85 88 91 29 158 160 97 98 101 168 106 43 44 117 181 182 119 120 121 186 58 191 127 605.53
40 192 132 133 197 7 137 10 75 76 77 143 15 146 19 83 84 148 85 88 152 91 29 158 160 97 98 101 168 106 43 44 117 181 182 119 120 121 58 191 127 21.25
40 192 132 133 197 7 137 10 75 76 77 143 15 146 19 83 84 148 85 88 152 91 29 158 160 97 98 101 166 168 106 43 44 117 181 182 119 120 121 58 127 5354.17
40 192 1 132 133 197 7 137 10 75 76 77 143 15 146 19 83 84 148 85 88 152 91 158 160 97 98 101 166 168 106 43 44 117 181 182 119 120 121 58 127 1147.32
40 192 1 132 133 197 6 7 137 10 75 76 77 143 15 146 19 83 84 148 85 88 152 91 160 97 98 101 166 168 106 43 44 117 181 182 119 120 121 58 127 42.49
40 192 1 132 133 197 6 7 137 10 75 76 77 143 15 17 146 19 83 84 148 85 88 152 160 97 98 101 166 168 106 43 44 117 181 182 119 120 121 58 127 42.49
40 192 1 132 133 197 6 7 137 10 75 76 77 143 15 17 146 19 83 148 85 23 88 152 160 97 98 101 166 168 106 43 44 117 181 182 119 120 121 58 127 138.10
40 192 1 132 133 197 6 7 137 10 75 76 77 143 15 17 146 19 83 148 85 23 88 152 26 97 98 101 166 168 106 43 44 117 181 182 119 120 121 58 127 348.51
40 192 1 132 133 197 6 137 10 75 76 77 143 15 17 146 19 83 148 85 23 88 152 26 27 97 98 101 166 168 106 43 44 117 181 182 119 120 121 58 127 106.23
40 192 1 132 133 197 6 137 10 75 76 77 15 17 146 19 83 148 85 23 88 152 26 27 97 98 101 166 38 168 106 43 44 117 181 182 119 120 121 58 127 164.58
40 192 1 132 133 197 6 137 75 76 77 17 146 19 83 148 85 23 88 152 26 27 97 98 101 166 38 168 106 43 44 48 117 181 182 119 120 121 58 59 127 21.25
40 192 1 66 132 197 6 137 75 76 77 17 146 19 83 148 85 23 88 152 26 27 97 98 101 166 38 168 106 43 44 48 117 181 182 119 120 121 58 59 127 1625.98
40 192 1 66 132 68 197 6 137 75 76 77 17 146 19 83 148 85 23 88 152 26 27 98 101 166 38 168 106 43 44 48 117 181 182 119 120 121 58 59 127 154.90
40 192 1 66 132 68 197 6 137 75 76 77 17 146 19 83 148 85 23 88 152 26 27 92 98 101 166 38 168 106 43 48 117 181 182 119 120 121 58 59 127 130.66
40 192 1 66 132 68 197 6 137 75 76 77 17 146 19 83 148 85 23 88 152 26 27 92 101 166 38 168 106 43 107 48 117 181 182 119 120 121 58 59 127 43.55
40 192 1 66 132 68 197 6 137 75 76 77 17 146 19 83 148 85 23 88 152 26 27 92 166 38 168 106 43 107 111 48 117 181 182 119 120 121 58 59 127 246.80
40 192 1 66 132 68 197 6 135 137 75 76 77 17 146 19 83 148 23 88 152 26 27 92 166 38 168 106 43 107 111 48 117 181 182 119 120 121 58 59 127 180.60
40 1 66 132 68 197 6 135 137 75 76 77 17 146 19 83 148 23 88 152 26 27 92 159 166 38 168 106 43 107 111 48 117 181 182 119 120 121 58 59 127 1263.04
40 1 66 132 68 196 197 6 135 137 75 76 77 17 146 19 83 148 23 88 152 26 27 92 159 166 38 168 106 43 107 111 48 117 181 182 119 120 58 59 127 101.62
40 1 66 132 68 196 197 6 135 137 9 75 76 77 17 146 19 83 148 23 88 152 26 27 92 159 166 38 168 106 43 107 111 48 181 182 119 120 58 59 127 130.69
40 1 66 132 68 196 197 6 135 137 9 76 77 17 146 19 83 148 21 23 88 152 26 27 92 159 166 38 168 106 43 107 111 48 181 182 119 120 58 59 127 88.18
40 1 66 132 68 196 197 69 6 135 137 9 76 77 17 146 19 83 148 21 23 88 152 26 27 92 159 166 38 168 106 43 107 111 48 181 182 119 120 59 127 242.50
40 1 66 132 68 196 197 69 6 70 135 137 9 76 77 17 146 19 83 148 21 23 88 152 26 27 92 159 166 38 168 106 107 111 48 181 182 119 120 59 127 682.33
40 1 66 132 68 196 197 69 6 70 135 137 9 76 17 146 19 83 148 21 23 88 152 26 27 92 159 100 166 38 168 106 107 111 48 181 182 119 120 59 127 348.51
40 1 66 132 68 196 197 69 6 70 135 137 9 76 142 17 146 19 83 148 21 23 88 152 26 27 92 159 100 166 38 168 107 111 48 181 182 119 120 59 127 209.43
40 1 66 132 68 196 197 69 6 70 135 137 9 76 142 17 146 19 83 148 21 23 88 152 26 154 27 92 159 100 166 38 168 107 111 48 181 182 120 59 127 304.87
40 1 66 132 68 196 197 69 6 70 135 137 9 76 142 17 146 19 83 148 21 23 88 152 26 154 27 92 159 100 166 38 168 170 107 111 48 181 182 120 59 261.39
39 1 66 132 68 196 197 69 6 70 135 137 9 142 17 146 19 83 148 21 23 88 152 26 154 27 92 159 100 166 38 168 170 107 111 48 181 182 120 59 749.54
38 1 66 132 68 196 197 69 6 70 135 137 9 142 17 146 83 148 21 23 88 152 26 154 27 92 159 100 166 38 168 170 107 111 48 181 182 120 59 154.32
37 1 66 132 68 196 197 69 6 70 135 137 9 142 17 146 83 148 21 23 152 26 154 27 92 159 100 166 38 168 170 107 111 48 181 182 120 59 418.86
36 1 66 132 68 196 197 69 6 70 135 137 9 142 17 146 83 148 21 23 152 26 154 27 92 159 100 166 38 170 107 111 48 181 182 120 59 145.21
35 1 66 132 68 196 197 69 6 70 135 137 9 142 17 146 83 148 21 23 152 26 154 27 92 159 100 166 38 170 107 111 48 181 182 59 241.96
34 1 66 132 68 196 197 69 6 70 135 137 9 142 17 146 83 148 21 23 152 26 154 27 92 159 100 166 38 170 107 111 48 182 59 154.32
33 1 66 132 68 196 197 69 6 70 135 137 9 142 17 146 148 21 23 152 26 154 27 92 159 100 166 38 170 107 111 48 182 59 235.15
32 1 66 132 68 196 197 69 6 70 135 137 9 142 17 146 21 23 152 26 154 27 92 159 100 166 38 170 107 111 48 182 59 38.71
31 1 66 132 68 196 197 69 6 70 135 137 9 142 17 146 21 23 152 26 154 27 92 159 100 166 38 170 107 111 48 59 319.47
30 1 66 132 68 196 197 69 6 70 135 137 9 142 17 146 21 23 152 26 154 27 92 159 100 38 170 107 111 48 59 19.36
29 1 66 132 68 196 197 69 6 70 135 137 9 142 17 146 21 23 26 154 27 92 159 100 38 170 107 111 48 59 19.36
28 1 66 68 196 197 69 6 70 135 137 9 142 17 146 21 23 26 154 27 92 159 100 38 170 107 111 48 59 631.96
27 1 66 68 196 197 69 6 70 135 9 142 17 146 21 23 26 154 27 92 159 100 38 170 107 111 48 59 783.95
26 1 66 68 196 197 69 6 70 135 9 142 17 21 23 26 154 27 92 159 100 38 170 107 111 48 59 646.66
25 1 66 68 196 69 6 70 135 9 142 17 21 23 26 154 27 92 159 100 38 170 107 111 48 59 604.06
24 1 66 68 196 100 69 6 70 38 135 170 107 142 111 48 17 21 23 26 154 27 59 92 159 64.04
23 1 66 68 196 100 69 6 70 38 135 170 107 142 111 48 17 23 26 154 27 59 92 159 145.56
22 1 66 68 196 100 6 70 38 135 170 107 142 111 48 17 23 26 154 27 59 92 159 75.69
21 1 66 68 196 100 6 38 135 170 107 142 111 48 17 23 26 154 27 59 92 159 395.91
20 1 66 68 196 6 38 135 170 107 142 111 48 17 23 26 154 27 59 92 159 197.96
19 1 66 68 196 6 38 135 170 107 111 48 17 23 26 154 27 59 92 159 92.19
18 1 66 68 196 6 38 135 170 107 111 48 17 23 26 27 59 92 159 111.59
17 1 66 68 196 6 38 135 107 111 48 17 23 26 27 59 92 159 6363.18
16 1 66 68 196 6 38 135 107 111 48 23 26 27 59 92 159 19.40
15 1 66 68 196 6 38 135 107 111 48 26 27 59 92 159 62.36
14 1 66 68 196 6 38 135 107 111 48 27 59 92 159 54.04
13 1 66 68 196 6 38 135 107 111 48 59 92 159 61.84
12 48 1 66 68 196 6 135 107 59 92 111 159 9.70
11 48 1 66 68 196 6 135 107 92 111 159 19.40
10 48 1 66 68 196 135 107 92 111 159 8.73
9 1 66 68 196 135 107 92 111 159 452.37
8 1 66 68 196 135 107 111 159 67.15
6 1 66 68 196 135 159 18.19
5 66 68 196 135 159 7.27
4 66 68 196 135 74.50
4 0 66 68 196 45.27
3 0 66 196 66.00
2 0 196 84.00
1 0 7516.00
141407.30
55_COPY 650_SUM 35_XPY 65_XPY 1100_QR 40_COPY 650_SUM 350_SUM 500_SUM 200_SUM 350_SUM 500_SUM 10_COPY 25_COPY 1000_QR 350_SUM 35_XPY 650_SUM 1000_QR 1300_QR 20_XPY 200_SUM 25_COPY 650_SUM 40_COPY 25_COPY 650_SUM 650_SUM 25_COPY 1200_QR 20_XPY 65_XPY 55_COPY 1200_QR 500_SUM 25_COPY 1100_QR 1000_QR 650_SUM 25_COPY 25_COPY 65_XPY 1200_QR 1300_QR 350_SUM 40_COPY 40_COPY 500_SUM 650_SUM 55_COPY 20_XPY 25_COPY 35_XPY 1100_QR 1000_QR 40_COPY 55_COPY 1100_QR 1300_QR 650_SUM 1100_QR 20_XPY 25_COPY 40_COPY 10_COPY 35_XPY 650_SUM 55_COPY 650_SUM 200_SUM 200_SUM 20_XPY 1000_QR 65_XPY 65_XPY 350_SUM 350_SUM 500_SUM 65_XPY 40_COPY 55_COPY 40_COPY 55_COPY 1300_QR 1200_QR 500_SUM 10_COPY 10_COPY 1300_QR 25_COPY 10_COPY 1200_QR 650_SUM 40_COPY 40_COPY 10_COPY 50_XPY 500_SUM 500_SUM 40_COPY 200_SUM 500_SUM 40_COPY 40_COPY 50_XPY 40_COPY 350_SUM 650_SUM 40_COPY 40_COPY 40_COPY 650_SUM 25_COPY 35_XPY 55_COPY 1000_QR 1100_QR 500_SUM 1000_QR 1300_QR 350_SUM 500_SUM 35_XPY 10_COPY 35_XPY 65_XPY 1100_QR 500_SUM 1100_QR 1000_QR 55_COPY 40_COPY 350_SUM 1200_QR 35_XPY 650_SUM 35_XPY 1300_QR 10_COPY 25_COPY 50_XPY 65_XPY 200_SUM 1200_QR 1100_QR 40_COPY 500_SUM 1100_QR 1300_QR 10_COPY 55_COPY 65_XPY 350_SUM 50_XPY 200_SUM 40_COPY 50_XPY 50_XPY 1200_QR 650_SUM 1200_QR 25_COPY 40_COPY 20_XPY 1200_QR 35_XPY 350_SUM 1000_QR 1300_QR 50_XPY 200_SUM 1200_QR 50_XPY 1100_QR 25_COPY 35_XPY 20_XPY 50_XPY 35_XPY 1000_QR 40_COPY 500_SUM 500_SUM 40_COPY 20_XPY 20_XPY 1200_QR 35_XPY 40_COPY 40_COPY 20_XPY 1200_QR 1200_QR 40_COPY 1100_QR 55_COPY 650_SUM 1300_QR 35_XPY 1000_QR 