81
13 8 64 55 69 76 81 51 30 28 13 6 36 25 1964.95
13 64 98 36 69 6 76 13 81 51 55 25 28 30 1557.06
24 64 98 36 4 69 74 76 13 46 48 81 50 51 52 53 55 23 25 57 89 27 28 60 30 73.08
40 3 4 68 69 5 9 74 10 76 12 13 77 78 81 83 23 24 25 89 27 28 29 30 98 99 36 42 45 46 48 50 52 53 54 55 57 59 60 61 62 5409.08
40 3 4 68 5 9 74 10 76 12 13 77 78 81 83 23 24 25 89 27 28 29 30 98 99 36 42 45 46 48 49 50 52 53 54 55 57 59 60 61 62 785.47
40 3 4 68 5 9 74 10 76 12 13 77 78 81 83 19 23 24 25 89 27 28 29 98 99 36 42 45 46 48 49 50 52 53 54 55 57 59 60 61 62 543.62
40 3 4 68 5 9 74 10 76 12 13 77 78 81 83 19 23 24 25 89 26 27 28 29 98 99 36 42 45 46 48 49 50 52 53 54 55 57 59 61 62 1455.57
40 3 4 68 5 9 74 10 76 12 13 77 78 81 83 19 85 24 25 89 26 27 28 29 98 99 36 42 45 46 48 49 50 52 53 54 55 57 59 61 62 3019.67
40 3 4 68 5 9 74 10 76 12 13 77 78 83 19 85 24 25 89 26 27 28 29 33 98 99 36 42 45 46 48 49 50 52 53 54 55 57 59 61 62 200.14
40 3 4 68 5 9 74 10 76 12 13 77 78 14 83 19 85 24 25 89 26 27 29 33 98 99 36 42 45 46 48 49 50 52 53 54 55 57 59 61 62 715.20
40 3 4 68 5 9 74 10 12 13 77 78 14 83 19 85 24 25 89 26 27 29 93 95 33 98 99 42 45 46 48 49 50 52 53 54 56 57 59 61 62 203.59
40 3 4 68 5 9 10 12 13 77 78 14 83 19 20 85 24 25 89 26 27 29 93 95 33 98 99 42 45 46 48 49 50 52 53 54 56 57 59 61 62 146.16
40 3 4 68 5 9 10 12 13 77 78 14 83 19 20 85 24 25 89 26 27 92 29 93 95 33 98 99 45 46 48 49 50 52 53 54 56 57 59 61 62 610.29
40 2 3 4 68 5 9 10 12 13 77 78 14 83 20 85 24 25 89 26 27 92 29 93 95 33 98 99 45 46 48 49 50 52 53 54 56 57 59 61 62 1335.97
40 2 3 67 4 68 5 9 10 75 12 13 77 78 14 83 20 85 24 25 89 26 27 92 29 93 95 33 98 99 45 46 48 49 53 54 56 57 59 61 62 400.67
40 2 3 67 4 68 5 9 10 75 12 13 77 78 14 83 20 85 24 25 89 26 27 92 29 93 95 33 98 99 45 46 48 49 53 54 56 59 61 62 63 96.94
40 2 66 67 4 68 5 7 9 10 75 12 13 77 78 14 83 20 85 24 25 89 26 27 92 29 93 95 33 98 45 46 48 49 53 54 56 59 61 62 63 3184.80
40 2 66 67 4 68 5 7 9 10 75 12 13 77 78 14 16 83 20 85 24 25 89 26 27 92 29 93 95 98 45 46 48 49 53 54 56 59 61 62 63 577.08
40 2 66 67 4 68 5 7 10 75 12 13 77 78 14 16 83 20 85 24 25 89 26 27 92 29 93 95 98 35 45 46 48 49 53 54 56 59 61 62 63 1945.37
40 2 66 67 4 68 5 7 10 75 12 13 77 78 14 16 83 20 85 21 24 25 89 26 92 29 93 95 98 35 38 45 46 49 53 54 56 59 61 62 63 1009.29
40 2 66 67 4 5 7 10 75 12 13 77 78 14 16 83 20 84 85 21 24 25 89 26 92 29 93 95 98 35 38 45 46 49 53 54 56 59 61 62 63 2265.55
40 2 66 67 4 5 7 10 75 12 13 77 78 16 83 20 84 85 21 24 25 89 26 92 29 93 95 98 35 38 39 45 46 49 53 54 56 59 61 62 63 1000.72
40 2 66 67 4 5 7 75 13 77 78 79 16 83 20 84 85 21 25 89 26 91 92 29 93 95 98 35 38 39 40 45 46 47 49 53 54 56 59 61 63 2007.89
40 2 66 67 4 5 7 75 13 77 78 79 16 83 20 84 85 21 25 26 91 92 29 93 95 32 96 98 35 37 38 39 40 45 47 49 54 56 59 61 63 588.15
40 2 66 67 4 5 70 7 75 13 77 78 79 16 83 20 84 85 21 22 25 26 91 92 93 95 32 96 98 35 37 38 39 40 47 49 54 56 59 61 63 1189.82
40 2 66 67 4 70 7 71 75 13 77 78 79 16 83 20 84 85 21 22 25 26 91 92 93 95 32 96 98 35 37 38 39 40 47 49 54 56 59 61 63 241.96
40 2 66 67 4 70 7 71 75 13 77 78 79 16 83 20 84 21 22 86 25 26 91 92 93 95 32 96 98 35 37 38 39 40 47 49 54 56 59 61 63 411.51
40 2 66 67 4 70 7 71 75 13 77 78 79 16 83 20 84 21 22 86 26 91 92 93 95 32 96 98 34 35 37 38 39 40 47 49 54 56 59 61 63 707.46
40 2 66 67 4 70 7 71 72 75 13 77 78 79 16 83 20 84 22 86 26 91 92 93 94 95 32 96 98 34 35 37 39 40 47 49 54 56 59 61 63 413.60
40 2 66 67 4 70 71 72 75 13 77 78 79 16 82 83 20 84 22 86 26 91 92 93 94 95 32 96 98 34 35 37 39 40 47 49 54 56 59 61 63 358.00
40 2 66 67 4 70 71 72 75 13 77 78 79 16 82 83 20 84 22 86 26 90 91 92 94 32 96 98 34 35 37 39 40 41 43 47 49 54 59 61 63 238.02
40 65 2 66 67 4 70 71 72 75 13 77 78 79 16 82 83 20 22 86 26 90 91 92 94 32 96 98 34 35 37 39 40 41 43 47 49 54 59 61 63 366.39
40 65 2 66 67 4 70 71 72 75 13 77 78 79 16 82 83 20 22 86 87 26 90 91 92 94 32 96 98 34 35 37 39 40 41 43 47 54 59 61 63 2714.24
40 65 2 66 67 4 70 71 72 75 13 77 78 79 82 83 20 22 86 87 88 26 90 91 92 94 32 96 98 34 35 37 39 40 41 43 47 54 59 61 63 562.23
39 65 2 66 67 4 70 71 72 75 13 77 78 79 82 83 20 22 86 87 88 26 90 91 92 94 32 96 98 34 37 39 40 41 43 47 54 59 61 63 1538.55
38 65 2 66 67 4 70 71 72 75 13 77 78 79 82 83 20 22 86 87 88 26 90 91 92 94 32 96 98 37 39 40 41 43 47 54 59 61 63 1016.95
37 65 2 66 67 4 70 71 72 75 13 77 78 79 82 83 22 86 87 88 26 90 91 92 94 32 96 98 37 39 40 41 43 47 54 59 61 63 1506.42
37 65 2 66 67 70 71 72 75 13 77 78 79 80 82 83 22 86 87 88 26 90 91 92 94 32 96 98 37 39 40 41 43 47 54 59 61 63 397.85
35 65 2 66 67 70 71 72 75 13 77 78 79 80 82 83 22 86 87 88 26 90 91 92 94 32 96 98 37 39 40 47 54 59 61 63 152.17
35 65 2 66 67 70 71 72 75 77 78 79 80 82 18 83 22 86 87 88 26 90 91 92 94 32 96 98 37 39 40 47 54 59 61 63 87.33
34 2 66 67 70 71 72 75 77 78 79 80 82 18 83 22 86 87 88 26 90 91 92 94 32 96 98 37 39 40 47 54 59 61 63 167.13
33 2 66 67 70 71 72 75 77 78 79 80 82 18 83 22 86 87 88 26 90 91 92 94 32 96 98 37 39 40 47 54 59 61 194.08
32 2 66 67 70 71 72 75 77 78 79 80 82 18 83 22 86 88 26 90 91 92 94 32 96 98 37 39 40 47 54 59 61 1536.27
31 2 67 70 71 72 75 77 78 79 80 82 18 83 22 86 88 26 90 91 92 94 32 96 98 37 39 40 47 54 59 61 145.21
30 2 67 70 71 72 75 77 78 79 80 82 18 83 22 86 88 26 90 91 92 94 32 96 98 39 40 47 54 59 61 36.30
28 2 67 70 71 72 75 77 78 79 80 82 18 83 22 86 88 26 90 91 92 94 98 39 40 47 54 59 61 283.84
27 2 67 70 71 72 75 77 78 79 80 82 18 83 22 86 26 90 91 92 94 98 39 40 47 54 59 61 1866.77
26 2 67 70 71 72 75 77 78 79 82 18 83 22 86 26 90 91 92 94 98 39 40 47 54 59 61 486.47
25 2 67 70 71 72 75 77 78 79 18 83 22 86 26 90 91 92 94 98 39 40 47 54 59 61 190.21
25 2 67 70 71 72 75 77 78 79 18 83 22 86 26 90 91 92 94 97 39 40 47 54 59 61 286.59
24 97 2 67 70 71 39 72 40 75 77 78 79 47 18 83 22 86 54 90 91 59 92 61 94 36.29
23 97 2 67 70 71 39 72 75 77 78 79 47 18 83 22 86 54 90 91 59 92 61 94 2862.66
21 97 2 67 70 71 39 72 75 77 78 79 47 18 83 22 86 54 90 91 92 94 180.70
20 97 2 67 70 71 39 72 75 78 79 47 17 18 22 86 54 90 91 92 94 1805.97
20 97 2 67 70 71 72 75 44 78 79 47 17 18 22 86 54 90 91 92 94 145.50
19 97 2 67 70 71 72 75 44 78 79 47 17 18 86 54 90 91 92 94 266.75
18 97 2 67 71 72 75 44 78 79 47 17 18 86 54 90 91 92 94 441.35
17 97 2 67 71 72 75 44 78 79 47 17 18 54 90 91 92 94 140.65
16 97 2 67 72 75 44 78 79 47 17 18 54 90 91 92 94 677.61
15 97 2 67 72 75 44 78 79 47 17 18 54 91 92 94 578.97
14 97 2 67 72 75 44 78 79 47 17 18 91 92 94 445.63
13 97 2 67 72 75 44 78 79 47 17 18 91 94 718.28
12 97 17 2 18 67 72 75 91 44 94 79 47 712.79
11 97 17 2 18 67 72 75 44 94 79 47 48.99
10 97 17 2 18 67 72 75 44 94 79 68.34
9 97 17 2 18 67 72 75 44 94 926.00
8 97 17 2 18 67 72 75 94 203.61
7 17 2 18 67 72 75 94 230.88
7 17 2 67 72 58 75 94 562.48
6 17 2 67 58 75 94 21.27
6 17 2 67 58 11 94 184.33
6 17 67 58 11 94 31 154.60
6 17 73 58 11 94 31 483.38
5 73 58 11 94 31 503.52
5 0 73 58 11 94 475.00
5 0 1 73 58 11 927.00
4 0 1 58 11 396.00
3 0 1 11 1059.00
2 0 1 372.00
2 1 15 751.00
1 15 1386.00
65958.24
1100_QR 25_COPY 55_COPY 1000_QR 1300_QR 1200_QR 10_COPY 1000_QR 20_XPY 50_XPY 65_XPY 1200_QR 65_XPY 40_COPY 35_XPY 500_SUM 1000_QR 650_SUM 1200_QR 20_XPY 65_XPY 10_COPY 650_SUM 200_SUM 65_XPY 1300_QR 1300_QR 500_SUM 65_XPY 25_COPY 50_XPY 200_SUM 350_SUM 20_XPY 20_XPY 1000_QR 1100_QR 350_SUM 10_COPY 1200_QR 500_SUM 200_SUM 35_XPY 200_SUM 50_XPY 25_COPY 650_SUM 1300_QR 500_SUM 25_COPY 350_SUM 35_XPY 350_SUM 650_SUM 55_COPY 1100_QR 50_XPY 1000_QR 25_COPY 40_COPY 20_XPY 40_COPY 65_XPY 25_COPY 35_XPY 200_SUM 25_COPY 55_COPY 1100_QR 1000_QR 650_SUM 650_SUM 40_COPY 35_XPY 35_XPY 55_COPY 1100_QR 40_COPY 55_COPY 1300_QR 20_XPY 500_SUM 350_SUM 40_COPY 10_COPY 500_SUM 650_SUM 200_SUM 200_SUM 650_SUM 650_SUM 1300_QR 40_COPY 50_XPY 55_COPY 50_XPY 350_SUM 1100_QR 40_COPY 1000_QR 