49
1 49 3229.00
1 48 2137.00
4 44 45 46 47 2388.00
3 45 46 47 1651.00
2 45 46 1234.00
2 43 46 2438.00
2 40 43 1067.00
2 40 42 2137.00
2 40 41 301.00
3 38 39 41 1420.00
2 39 41 76.00
1 41 1695.00
2 36 37 2388.00
3 33 35 36 1651.00
2 33 35 1854.00
3 32 35 31 2110.00
3 32 34 31 27.00
2 34 31 1092.00
2 34 29 1420.00
1 34 966.00
3 27 28 30 2388.00
2 28 30 1651.00
1 30 1234.00
2 25 26 855.00
2 23 24 4595.00
1 23 1020.00
3 19 21 22 855.00
2 19 21 486.00
2 19 20 2304.00
4 16 17 18 19 394.00
3 16 17 18 2383.00
2 16 18 1818.00
1 18 678.00
2 9 15 1496.00
3 9 13 14 1341.00
3 9 11 13 392.00
2 11 13 1104.00
2 10 13 655.00
2 10 12 1733.00
1 12 1496.00
2 7 8 2304.00
1 8 84.00
2 3 6 1341.00
1 6 4274.00
1 5 2777.00
1 4 2137.00
2 0 2 1420.00
1 2 2085.00
1 1 7711.00
84292.00
10_COPY 55_COPY 25_COPY 20_XPY 500_SUM 650_SUM 40_COPY 1000_QR 35_XPY 1100_QR 35_XPY 350_SUM 1100_QR 50_XPY 20_XPY 350_SUM 65_XPY 650_SUM 1300_QR 1200_QR 1000_QR 20_XPY 200_SUM 40_COPY 65_XPY 200_SUM 200_SUM 35_XPY 1200_QR 10_COPY 1300_QR 1100_QR 500_SUM 25_COPY 25_COPY 40_COPY 1200_QR 35_XPY 10_COPY 350_SUM 25_COPY 50_XPY 500_SUM 25_COPY 35_XPY 1300_QR 55_COPY 1200_QR 500_SUM 1100_QR 