166
40 187 36 133 198 169 183 67 146 13 39 47 94 112 158 165 26 37 55 123 95 140 25 119 150 11 52 56 76 143 38 50 99 148 96 124 182 54 157 29 81 6877.32
40 67 133 198 11 140 76 13 143 81 146 19 148 150 25 26 157 29 94 158 30 95 96 99 165 37 38 39 169 47 112 50 52 182 54 183 55 119 56 123 124 2512.46
40 1 67 133 198 140 13 81 146 19 148 150 25 26 157 29 94 158 30 95 96 99 100 165 37 38 39 169 47 112 113 177 50 178 182 54 183 55 119 123 124 3079.89
40 1 132 133 198 140 13 81 19 148 150 25 26 157 29 94 158 30 95 96 99 100 165 37 38 39 169 47 112 113 177 50 178 182 54 118 183 55 119 123 124 2023.32
40 1 132 133 5 198 140 13 19 148 150 25 26 157 94 158 30 95 96 99 100 165 37 38 39 169 47 112 113 177 50 178 182 54 118 183 55 119 123 124 61 1779.59
40 132 133 5 198 140 13 19 148 150 25 26 157 94 158 30 95 96 99 100 164 165 37 38 39 169 47 112 113 177 50 178 182 54 118 183 55 119 123 124 61 2393.82
40 193 132 5 198 140 141 77 19 148 150 22 152 25 26 90 157 30 95 96 99 100 164 37 38 169 113 177 50 178 182 54 118 183 55 119 120 123 124 61 126 687.22
40 193 5 198 8 140 141 77 19 148 150 22 152 25 26 90 157 30 95 96 99 100 164 37 38 169 113 177 50 178 182 54 118 183 55 119 120 123 124 61 126 1354.98
40 193 2 5 198 134 8 140 141 77 14 19 148 150 22 152 25 26 90 30 95 96 99 100 164 37 38 174 113 177 50 178 182 118 55 119 120 123 124 61 126 909.03
40 193 2 5 198 134 8 140 141 77 14 19 150 22 152 25 26 90 30 95 96 100 164 37 167 174 110 46 48 113 177 178 182 118 55 119 120 123 124 61 126 255.79
40 193 2 5 198 134 8 140 141 77 14 19 150 22 152 25 26 90 30 95 96 100 164 37 167 174 110 46 48 177 178 182 118 55 119 120 123 124 188 61 126 700.64
40 193 2 5 198 134 8 140 141 77 14 145 19 150 22 152 25 26 90 30 95 96 100 164 37 167 174 110 46 48 177 178 182 118 55 120 123 124 188 61 126 1285.58
40 193 2 4 5 198 134 8 140 141 77 14 145 19 22 152 25 26 90 30 95 96 100 164 37 167 174 110 46 48 177 178 182 118 55 120 123 124 188 61 126 452.37
40 193 2 4 5 198 134 8 140 141 77 14 145 19 22 152 25 26 90 30 95 96 100 164 37 167 104 174 110 46 48 178 182 118 55 120 123 124 188 61 126 573.39
40 64 193 2 4 5 134 8 72 140 141 77 14 145 19 20 22 152 25 90 156 30 95 96 100 164 167 104 174 110 46 48 178 182 118 120 124 188 61 189 126 676.96
40 64 193 2 4 5 134 8 72 140 141 77 14 145 19 20 24 25 90 156 30 95 96 100 164 167 104 168 174 110 46 48 178 182 118 120 124 188 61 189 126 138.85
40 64 193 129 2 4 5 134 8 72 140 141 77 14 145 19 20 24 25 90 156 30 95 96 100 167 104 168 174 110 46 48 178 182 118 120 124 188 61 189 126 12.86
40 64 193 129 2 4 5 134 8 72 140 141 77 14 16 145 19 20 24 90 156 30 95 96 100 167 104 168 174 110 46 48 178 182 118 120 124 188 61 189 126 1892.42
40 64 193 129 65 4 5 134 8 72 140 141 77 14 16 145 19 20 24 90 156 30 95 96 100 167 104 168 174 110 46 48 178 182 118 120 124 188 61 189 126 486.24
40 64 193 129 65 4 5 134 8 72 140 141 77 14 16 145 19 20 24 90 156 30 95 96 100 167 104 168 172 174 110 46 48 182 118 120 124 188 61 189 126 425.67
40 64 193 129 65 4 5 134 8 72 140 141 77 14 16 145 19 20 24 90 156 30 95 96 100 167 104 168 172 44 174 46 48 182 118 120 124 188 61 189 126 2519.89
40 64 193 129 65 4 5 134 8 72 140 141 77 14 16 145 19 20 85 24 90 156 30 95 96 167 104 168 172 44 174 46 48 182 118 120 124 188 61 189 126 733.38
40 193 129 65 4 5 134 8 72 140 141 77 14 16 145 19 20 85 24 90 156 30 95 96 167 104 168 172 44 174 46 48 182 118 120 122 124 188 61 189 126 1957.07
40 193 129 65 4 5 134 8 72 140 141 77 14 16 145 19 20 85 24 90 154 156 30 95 96 167 168 172 44 174 46 48 182 118 120 122 124 188 61 189 126 568.61
40 193 129 65 4 5 197 134 8 72 140 141 77 14 16 145 19 20 85 24 90 154 156 30 95 96 167 168 172 44 174 46 48 182 118 120 122 124 188 61 126 19.39
40 192 193 129 65 4 5 197 134 72 140 141 77 14 16 145 19 20 85 24 90 154 156 30 95 96 167 168 172 44 174 46 48 182 118 120 122 124 188 61 126 3056.40
40 192 129 65 4 5 197 134 72 140 77 14 16 145 19 20 85 21 24 90 154 156 30 95 96 102 167 168 172 44 174 46 48 116 182 118 120 122 124 188 61 1434.67
40 192 129 65 131 5 197 134 72 140 77 14 16 145 19 20 85 21 24 90 154 156 30 95 96 102 167 168 172 44 174 46 48 116 182 118 120 122 124 188 61 51.44
40 192 129 65 131 5 197 134 199 72 140 77 14 16 145 19 20 85 21 24 88 90 154 156 30 95 102 167 168 107 172 44 174 46 48 116 118 120 122 188 61 551.75
40 192 129 65 131 5 197 134 199 72 140 77 14 16 145 19 20 85 21 24 88 90 154 156 30 95 102 167 168 107 172 44 174 46 48 116 118 120 122 188 60 699.50
40 192 129 131 5 197 134 199 72 140 77 14 16 145 19 20 85 21 24 88 90 154 156 92 30 95 102 167 168 107 172 44 174 46 48 116 118 120 122 188 60 485.47
40 192 129 131 5 197 134 199 72 137 140 77 14 16 145 19 20 85 21 24 88 90 154 156 92 30 95 102 167 168 107 44 174 46 48 116 118 120 122 188 60 58.16
40 192 131 5 197 134 199 72 137 140 77 14 16 145 19 20 85 21 23 24 88 90 154 156 92 30 95 102 167 168 107 44 174 46 48 116 118 120 122 188 60 524.09
40 192 131 5 197 134 199 72 137 140 77 14 16 145 19 20 85 21 23 24 88 90 154 156 92 30 95 102 167 168 107 44 174 46 48 116 53 120 122 188 60 89.99
40 192 131 5 197 134 199 72 137 140 77 14 16 145 19 20 85 21 23 24 88 90 154 156 92 30 95 102 167 168 107 171 44 174 46 48 116 53 122 188 60 2031.22
40 192 131 5 197 134 6 199 72 137 140 77 16 145 19 20 85 21 23 24 88 90 154 156 92 30 95 102 167 168 107 171 44 174 46 48 116 53 122 188 60 299.23
40 192 131 5 197 134 6 199 137 140 77 16 145 19 20 85 21 23 24 88 90 154 27 156 92 30 95 102 167 168 107 171 44 174 46 48 116 53 122 188 60 610.65
40 192 131 5 197 134 6 199 137 74 140 77 16 145 19 20 85 21 23 24 88 90 154 27 156 92 30 95 102 167 168 107 171 44 174 116 53 57 122 188 60 1433.46
40 192 131 5 197 134 6 199 137 74 140 77 16 145 19 20 85 21 23 24 88 90 154 27 156 92 30 95 102 167 168 107 171 44 45 116 53 57 122 188 60 110.23
40 192 131 5 197 134 6 199 137 74 140 77 16 145 19 20 85 21 23 24 88 90 154 27 156 92 95 162 102 167 168 107 171 44 45 116 53 57 122 188 60 1057.88
40 192 131 3 5 197 134 6 199 137 74 140 77 16 145 19 20 85 21 23 24 88 90 154 27 156 92 95 162 167 168 107 171 44 45 116 53 57 122 188 60 568.15
40 192 131 3 5 197 69 134 6 199 137 74 140 77 145 19 20 85 21 23 24 88 90 154 27 156 92 95 162 167 168 107 171 44 45 116 53 57 122 188 60 129.82
40 192 131 3 5 197 69 134 6 199 137 74 140 77 19 20 85 21 23 24 88 90 154 27 156 92 95 97 162 167 168 107 171 44 45 116 53 57 122 188 60 2666.94
40 192 131 3 5 197 69 134 6 199 137 74 140 77 19 20 85 21 23 24 88 90 154 27 156 92 95 97 162 167 168 107 171 45 115 116 53 57 122 188 60 313.74
40 192 131 3 5 197 69 134 6 199 137 74 139 140 77 19 20 85 21 23 24 88 90 154 27 156 92 95 97 162 167 107 171 45 115 116 53 57 122 188 60 684.76
40 192 131 3 5 197 69 134 6 199 137 74 139 140 77 19 20 85 21 23 24 88 90 154 27 156 92 97 33 162 167 107 171 45 115 116 53 57 122 188 60 1530.65
40 192 131 3 5 197 69 134 6 199 137 74 139 140 77 144 19 20 21 23 24 88 90 154 27 156 92 97 33 162 167 107 171 45 115 116 53 57 122 188 60 728.56
40 192 131 3 5 197 69 134 6 199 137 74 139 140 77 144 19 20 21 23 24 88 90 154 27 156 92 97 33 162 163 167 107 171 45 115 116 53 57 188 60 180.70
40 192 131 3 5 197 69 134 6 199 137 74 139 77 144 18 19 20 21 23 24 88 90 154 27 156 92 97 33 162 163 167 107 171 45 115 116 53 57 188 60 155.10
40 192 3 5 197 69 134 6 199 137 74 139 77 144 18 19 20 21 23 24 88 90 154 27 156 92 97 33 162 163 167 107 171 45 115 116 53 57 188 60 63 1624.23
40 192 3 5 197 69 134 6 199 137 74 139 77 144 18 19 20 21 23 24 88 90 27 156 92 97 33 162 163 35 167 107 171 45 115 116 53 57 188 60 63 568.15
40 192 3 5 69 134 6 199 137 73 74 139 77 144 18 19 20 21 23 24 88 90 27 156 92 97 33 162 163 35 167 107 171 45 115 116 53 57 188 60 63 138.93
40 192 3 5 69 134 6 199 137 73 74 139 77 144 18 19 20 21 23 24 88 90 27 156 92 97 33 162 163 35 167 107 171 108 45 115 53 57 188 60 63 1485.45
40 192 3 5 69 134 6 137 73 74 139 77 144 18 19 20 21 23 24 88 90 27 156 92 97 33 162 163 35 166 167 171 108 45 115 53 57 185 188 60 63 1576.84
40 192 3 5 69 134 6 137 73 139 77 144 18 19 20 21 23 24 88 90 27 156 92 97 33 162 163 35 166 167 171 108 45 115 53 57 185 186 188 60 63 1360.00
40 192 3 195 5 69 134 6 137 73 139 77 144 18 20 21 23 24 88 90 27 156 92 97 33 162 163 35 166 167 171 108 45 115 53 57 185 186 188 60 63 2304.40
40 192 3 195 5 69 134 6 137 73 139 77 144 18 20 23 24 88 90 27 156 92 97 33 162 163 35 166 167 171 108 45 115 53 57 185 186 188 60 63 191 130.34
40 192 3 195 5 69 134 6 137 73 139 77 78 144 18 20 23 24 88 90 27 156 92 97 33 162 163 35 166 167 108 45 115 53 57 185 186 188 60 63 191 106.23
40 3 195 5 69 134 6 137 73 139 77 78 144 18 20 84 23 24 88 90 27 156 92 97 33 162 163 35 166 167 108 45 115 53 57 185 186 188 60 63 191 719.44
40 3 195 5 69 134 6 137 73 139 77 78 144 18 20 84 23 24 90 27 156 92 32 97 33 162 163 35 166 167 108 45 115 53 57 185 186 188 60 63 191 1494.49
40 130 3 195 5 69 134 6 137 73 139 77 78 144 18 20 84 23 24 90 27 156 32 97 33 162 163 35 166 167 108 45 115 53 57 185 186 188 60 63 191 806.85
40 130 3 195 5 134 6 136 137 73 139 77 78 144 18 20 84 23 24 90 27 156 32 97 33 162 163 35 166 167 108 45 115 53 57 185 186 188 60 63 191 1509.84
40 130 195 5 134 6 136 137 73 139 77 78 144 18 20 84 23 24 90 27 155 156 32 97 33 162 163 35 166 167 108 45 115 53 57 185 186 188 60 63 191 571.18
40 130 194 195 5 134 6 136 137 73 139 77 78 144 20 84 23 24 90 27 155 156 32 97 33 162 163 35 166 167 108 45 115 53 57 185 186 188 60 63 191 116.14
40 130 194 195 5 134 6 136 137 73 139 77 78 144 20 84 23 24 90 27 155 156 28 32 33 162 163 35 166 167 108 45 115 53 57 185 186 188 60 63 191 48.40
40 130 194 66 195 5 134 6 136 137 73 139 77 78 144 20 84 23 24 90 27 155 156 28 32 33 162 163 35 166 167 108 45 115 53 57 185 186 188 60 191 630.09
40 130 194 66 195 5 134 6 136 137 73 10 139 77 78 144 20 84 23 24 90 27 155 156 28 32 162 163 35 166 167 108 45 115 53 57 185 186 188 60 191 674.93
40 130 194 66 195 5 134 6 136 73 10 139 12 77 78 144 20 84 23 24 90 27 155 156 28 32 162 163 35 166 167 108 45 115 53 57 185 186 188 60 191 1016.50
40 130 194 66 195 5 134 6 136 73 10 139 12 77 78 144 83 20 84 23 24 90 27 155 156 28 32 162 163 35 166 167 45 115 53 57 185 186 188 60 191 21.64
40 130 194 66 195 5 134 6 136 73 10 139 12 77 78 144 83 20 84 23 24 90 27 155 156 28 32 161 163 35 166 167 45 115 53 57 185 186 188 60 191 280.67
40 130 194 66 195 5 134 6 136 73 10 139 12 77 78 144 83 20 84 23 24 90 27 155 156 28 32 161 34 163 35 166 167 45 53 57 185 186 188 60 191 309.71
40 130 194 66 195 5 134 6 136 73 10 12 77 78 144 83 20 84 23 24 90 27 155 156 28 32 161 34 163 35 166 167 45 53 181 57 185 186 188 60 191 890.65
40 130 194 66 195 5 134 6 136 73 9 10 12 77 78 144 83 20 84 23 24 90 27 155 156 28 32 161 34 163 35 167 45 176 53 181 57 186 188 60 191 74.36
40 130 194 66 195 5 134 6 71 136 73 9 10 12 77 78 144 83 20 84 23 24 90 27 155 156 28 32 161 34 163 35 167 45 176 181 57 186 188 60 191 329.32
40 130 194 66 195 5 134 6 71 136 73 9 10 12 77 78 144 83 20 84 24 90 27 155 156 28 32 161 34 163 35 167 40 45 176 181 57 186 188 60 191 1171.40
40 130 194 66 195 5 134 6 71 136 73 9 10 12 77 78 144 82 83 20 84 24 90 27 155 156 28 32 161 34 163 35 167 40 45 176 181 57 188 60 191 390.06
40 130 194 66 195 5 134 6 71 136 73 9 10 12 77 78 144 82 83 20 84 24 90 27 155 156 28 32 161 34 163 167 40 45 109 176 181 57 188 60 191 87.11
40 130 194 66 195 5 134 6 71 136 73 9 10 12 77 78 144 82 83 20 84 24 90 27 155 156 28 31 32 161 34 167 40 45 109 176 181 57 188 60 191 480.90
40 130 194 66 195 5 134 6 71 136 9 10 12 77 78 144 82 83 20 84 149 24 90 27 155 156 28 31 32 161 34 167 40 45 109 176 181 57 188 60 191 637.20
40 130 194 66 195 5 134 6 71 136 9 10 12 77 78 144 82 83 20 84 149 151 24 90 27 155 156 28 31 32 161 34 40 45 109 176 181 57 188 60 191 701.14
40 130 194 66 195 5 134 6 71 136 9 10 12 77 78 144 82 83 20 84 149 151 24 90 27 155 156 28 31 159 32 161 34 40 45 109 176 181 188 60 191 1319.71
40 130 194 66 195 5 134 6 71 136 9 12 77 78 144 82 83 20 84 149 151 24 90 27 155 156 28 31 159 32 161 34 40 45 109 176 181 184 188 60 191 77.45
40 130 194 66 195 5 134 6 71 136 9 12 77 78 144 82 83 20 84 149 151 24 90 27 155 156 28 31 159 32 161 34 40 45 109 176 181 184 188 60 190 601.63
39 130 194 66 195 5 134 6 71 136 9 77 78 144 82 83 20 84 149 151 24 90 27 155 156 28 31 159 32 161 34 40 45 109 176 181 184 188 60 190 1300.30
38 130 194 66 195 5 134 6 71 136 9 77 78 144 82 83 20 84 149 151 24 90 27 155 156 28 31 159 32 161 40 45 109 176 181 184 188 60 190 1572.01
39 128 130 194 66 195 5 134 6 71 136 9 77 78 144 82 83 20 84 149 151 24 90 27 155 156 28 31 159 32 161 45 109 111 176 181 184 188 60 190 1164.45
38 128 130 194 66 195 5 134 6 71 136 9 77 78 144 83 20 84 149 151 24 90 27 155 156 28 31 159 32 161 45 109 111 176 181 184 188 60 190 396.70
38 128 130 194 66 195 5 134 6 71 136 9 77 78 144 83 20 84 149 151 24 90 27 155 156 31 159 32 161 103 45 111 176 181 184 59 188 60 190 445.32
37 128 130 194 195 5 134 6 71 136 9 77 78 144 83 20 84 149 151 24 90 27 155 156 31 159 32 161 103 45 111 176 181 184 59 188 60 190 126.15
36 128 130 194 195 5 134 6 71 136 9 77 78 144 83 20 84 151 24 90 27 155 156 31 159 32 161 103 45 111 176 181 184 59 188 60 190 411.51
36 128 130 194 195 5 134 6 71 136 9 77 78 144 80 83 20 84 151 24 90 155 156 31 159 32 161 103 45 111 176 181 184 59 188 60 190 146.97
35 128 130 194 195 5 134 71 136 9 77 78 144 80 83 20 84 151 24 90 155 156 31 159 32 161 103 45 111 176 181 184 59 188 60 190 77.63
34 128 130 194 195 5 134 71 136 9 77 78 144 80 83 20 84 24 90 155 156 31 159 32 161 103 45 111 176 181 184 59 188 60 190 708.37
33 128 130 194 195 5 134 71 136 9 77 78 144 80 83 20 84 24 90 155 156 31 32 161 103 45 111 176 181 184 59 188 60 190 114.16
33 128 130 194 195 134 71 135 136 9 77 78 144 80 83 20 84 24 90 155 156 31 32 161 103 45 111 176 181 184 59 188 60 190 771.58
32 128 130 194 195 134 71 135 136 9 77 78 144 80 83 20 84 24 90 155 156 31 32 161 103 111 176 181 184 59 188 60 190 115.70
33 128 130 194 195 134 71 135 136 9 77 78 80 83 20 84 87 24 90 155 156 31 32 161 103 111 176 181 184 59 188 60 190 62 50.94
32 128 130 194 195 134 71 135 136 9 77 78 80 83 20 84 87 24 90 155 156 31 32 161 103 111 176 181 184 59 188 60 62 189.22
32 128 130 194 195 134 71 135 136 9 77 78 80 83 20 84 86 87 24 155 156 31 32 161 103 111 176 181 59 188 60 62 127 82.45
31 128 130 194 195 134 71 135 136 9 77 78 80 83 20 84 86 87 24 155 156 31 32 161 103 111 176 181 59 60 62 127 2429.15
31 128 130 194 195 134 71 135 136 9 78 80 83 20 84 86 87 24 155 156 31 32 161 103 170 111 176 181 59 60 62 127 729.38
31 128 130 194 195 134 71 135 136 9 78 80 83 20 84 86 87 24 155 91 31 32 161 103 170 111 176 181 59 60 62 127 87.30
31 128 130 194 195 134 71 135 136 9 80 83 20 84 86 87 24 155 91 31 32 161 103 170 106 111 176 181 59 60 62 127 43.65
31 128 130 194 195 134 71 135 136 9 80 83 20 86 87 24 155 91 31 32 161 103 170 106 173 111 176 181 59 60 62 127 811.83
30 128 130 194 195 71 135 136 9 80 83 20 86 87 24 155 91 31 32 161 103 170 106 173 111 176 181 59 60 62 127 361.90
31 128 130 194 195 71 135 136 9 80 83 20 86 87 24 155 91 31 32 161 98 103 170 106 173 111 176 117 59 60 62 127 618.37
32 128 194 195 71 135 136 9 80 83 20 86 87 24 155 91 31 32 161 98 103 170 106 42 173 111 176 51 117 59 60 62 127 116.14
31 128 194 195 71 135 136 9 80 83 20 86 87 24 155 91 31 32 98 103 170 106 42 173 111 176 51 117 59 60 62 127 451.05
30 128 194 195 71 135 9 80 83 20 86 87 24 155 91 31 32 98 103 170 106 42 173 111 176 51 117 59 60 62 127 14.52
29 128 194 195 71 135 9 80 20 86 87 24 155 91 31 32 98 103 170 106 42 173 111 176 51 117 59 60 62 127 1040.32
29 128 194 195 71 135 9 80 20 86 87 24 89 91 31 32 98 103 170 106 42 173 111 176 51 117 59 60 62 127 454.38
30 128 194 195 71 135 9 138 80 20 86 87 24 89 91 31 32 98 101 103 170 106 42 173 111 51 117 59 60 62 127 101.85
31 128 195 71 135 9 138 80 20 86 87 24 89 91 31 32 98 101 103 105 170 106 42 173 111 175 51 117 59 60 62 127 145.88
31 128 195 71 135 9 138 80 20 86 87 89 153 91 31 32 98 101 103 105 170 106 42 173 111 175 51 117 59 60 62 127 317.12
30 128 195 71 135 9 138 80 86 87 89 153 91 31 32 98 101 103 105 170 106 42 173 111 175 51 117 59 60 62 127 136.76
29 128 195 71 135 9 138 80 86 87 89 153 91 31 32 98 101 103 105 170 42 173 111 175 51 117 59 60 62 127 2400.74
30 128 195 135 9 138 80 17 86 87 89 153 91 31 32 98 101 103 105 170 42 173 111 175 49 51 117 59 60 62 127 1606.65
29 128 195 135 9 138 80 17 86 87 89 153 91 31 32 98 101 103 105 42 173 111 175 49 51 117 59 60 62 127 594.88
28 128 195 135 9 138 80 17 86 87 89 153 91 32 98 101 103 105 42 173 111 175 49 51 117 59 60 62 127 1001.72
27 195 135 9 138 80 17 86 87 89 153 91 32 98 101 103 105 42 173 111 175 49 51 117 59 60 62 127 832.21
27 70 135 9 138 80 17 86 87 89 153 91 32 98 101 103 105 42 173 111 175 49 51 117 59 60 62 127 1211.06
28 70 135 138 80 17 86 87 89 153 91 32 98 101 103 105 42 173 111 175 49 51 180 117 58 59 60 62 127 475.68
28 70 135 138 80 17 86 87 89 153 91 32 160 98 101 103 105 42 173 111 175 49 51 180 117 58 59 62 127 58.09
27 70 135 138 80 17 86 87 89 153 91 32 160 98 101 103 105 42 173 111 175 49 180 117 58 59 62 127 40.10
26 70 135 138 80 17 86 87 89 153 91 32 160 98 101 103 105 42 173 175 49 180 117 58 59 62 127 159.57
25 70 135 138 80 17 86 87 89 153 91 32 160 98 101 103 105 42 173 175 49 180 117 58 59 127 200.52
24 32 160 98 101 70 135 103 105 138 42 173 175 80 17 49 180 117 86 87 89 153 58 91 127 1190.76
23 32 160 98 101 70 135 103 105 138 42 173 175 80 17 49 180 117 86 87 153 58 91 127 832.17
22 32 160 98 101 70 103 105 138 42 173 175 80 17 49 180 117 86 87 153 58 91 127 327.82
21 32 160 98 101 70 103 105 138 42 173 175 17 49 180 117 86 87 153 58 91 127 66.79
21 32 160 98 101 70 103 7 138 42 173 175 17 49 180 117 86 87 153 58 91 127 282.07
22 32 160 98 68 101 70 103 7 138 42 173 175 17 49 147 180 117 86 87 153 91 127 427.97
21 160 98 68 101 70 103 7 138 42 173 175 17 49 147 180 117 86 87 153 91 127 31.02
20 160 98 68 101 70 103 7 138 42 173 175 17 49 147 180 117 86 87 91 127 370.25
19 160 98 68 101 70 103 7 138 42 173 175 17 49 147 180 117 86 91 127 204.41
20 160 98 68 101 70 103 7 138 42 173 175 79 17 49 147 180 117 91 125 127 632.65
20 160 98 68 101 70 103 7 138 42 173 175 79 17 147 179 180 117 91 125 127 625.32
19 160 98 68 101 70 103 7 42 173 175 79 17 147 179 180 117 91 125 127 504.40
18 160 98 68 101 70 103 7 42 173 175 79 17 147 179 180 117 125 127 386.69
18 160 98 68 101 70 103 7 42 173 175 79 17 147 179 180 117 125 93 474.38
18 160 98 68 101 70 103 7 42 75 173 175 79 17 147 179 180 125 93 509.25
18 160 98 68 101 70 103 7 75 173 175 79 17 114 147 179 180 125 93 359.04
17 160 98 68 101 70 103 7 75 173 175 79 17 114 179 180 125 93 887.89
16 160 98 68 101 70 103 7 75 173 175 17 114 179 180 125 93 91.46
15 160 98 68 101 70 103 7 75 173 17 114 179 180 125 93 16.63
14 160 98 68 70 103 7 75 173 17 114 179 180 125 93 484.68
13 98 68 70 103 7 75 173 17 114 179 180 125 93 184.63
12 17 98 114 179 68 180 70 7 75 173 125 93 1628.97
11 17 98 114 179 68 180 70 7 173 125 93 489.89
10 17 98 114 179 68 180 70 7 125 93 41.11
9 17 98 114 179 180 70 7 125 93 570.15
8 17 98 114 179 180 70 125 93 1023.11
9 17 98 114 179 70 41 43 125 93 21.88
8 17 98 114 179 70 41 43 93 971.49
7 17 98 114 70 41 43 93 798.35
6 17 98 114 41 43 93 201.99
5 17 98 41 43 93 283.00
6 17 196 41 43 93 142 577.63
5 17 196 43 93 142 334.00
6 196 121 43 93 142 15 430.00
5 196 121 43 93 15 1022.86
5 0 196 121 93 15 773.79
4 0 121 93 15 160.00
3 0 121 15 1825.00
2 0 15 261.00
1 15 1047.00
123490.47
650_SUM 20_XPY 20_XPY 500_SUM 1000_QR 55_COPY 1300_QR 500_SUM 1000_QR 1200_QR 200_SUM 10_COPY 200_SUM 50_XPY 25_COPY 1300_QR 1100_QR 55_COPY 350_SUM 40_COPY 55_COPY 25_COPY 20_XPY 1200_QR 55_COPY 25_COPY 65_XPY 1300_QR 10_COPY 350_SUM 1300_QR 1100_QR 40_COPY 1000_QR 200_SUM 50_XPY 20_XPY 65_XPY 1100_QR 50_XPY 200_SUM 350_SUM 650_SUM 650_SUM 1100_QR 1300_QR 25_COPY 50_XPY 25_COPY 50_XPY 1100_QR 350_SUM 10_COPY 1200_QR 500_SUM 65_XPY 10_COPY 1200_QR 20_XPY 1100_QR 55_COPY 65_XPY 65_XPY 350_SUM 20_XPY 35_XPY 350_SUM 35_XPY 65_XPY 50_XPY 1300_QR 650_SUM 50_XPY 50_XPY 1000_QR 10_COPY 10_COPY 55_COPY 650_SUM 200_SUM 25_COPY 350_SUM 200_SUM 500_SUM 650_SUM 1100_QR 25_COPY 25_COPY 65_XPY 350_SUM 55_COPY 650_SUM 25_COPY 55_COPY 50_XPY 40_COPY 1300_QR 500_SUM 55_COPY 1100_QR 1100_QR 650_SUM 10_COPY 1300_QR 10_COPY 50_XPY 20_XPY 50_XPY 350_SUM 200_SUM 20_XPY 1100_QR 50_XPY 35_XPY 650_SUM 500_SUM 50_XPY 25_COPY 1200_QR 25_COPY 25_COPY 1200_QR 1100_QR 65_XPY 1300_QR 1100_QR 50_XPY 1200_QR 500_SUM 1000_QR 650_SUM 1000_QR 20_XPY 50_XPY 55_COPY 1100_QR 650_SUM 25_COPY 65_XPY 500_SUM 40_COPY 50_XPY 20_XPY 10_COPY 25_COPY 65_XPY 35_XPY 200_SUM 1100_QR 200_SUM 25_COPY 200_SUM 20_XPY 1000_QR 1100_QR 650_SUM 55_COPY 500_SUM 50_XPY 200_SUM 1000_QR 500_SUM 65_XPY 500_SUM 10_COPY 50_XPY 350_SUM 40_COPY 65_XPY 500_SUM 10_COPY 1100_QR 35_XPY 1300_QR 65_XPY 650_SUM 65_XPY 1000_QR 50_XPY 650_SUM 1200_QR 1000_QR 1300_QR 500_SUM 200_SUM 350_SUM 350_SUM 20_XPY 55_COPY 10_COPY 200_SUM 350_SUM 1200_QR 50_XPY 650_SUM 1300_QR 500_SUM 1100_QR 65_XPY 50_XPY 