50
1 49 2304.00
3 48 46 47 1496.00
3 48 45 46 1341.00
2 48 46 1758.00
3 43 44 46 1020.00
2 43 44 321.00
1 44 3932.00
1 42 5273.00
2 40 41 3229.00
2 38 40 263.00
2 38 39 2041.00
2 35 39 855.00
2 32 39 2377.00
2 32 37 3505.00
2 32 36 1496.00
2 32 34 333.00
1 34 1971.00
2 33 31 1496.00
2 33 30 1733.00
1 30 2862.00
1 29 3505.00
1 28 2304.00
1 27 2304.00
1 26 2388.00
2 23 25 3492.00
2 21 25 1341.00
1 25 782.00
2 22 24 2304.00
1 22 1201.00
2 19 20 2137.00
2 18 20 1420.00
1 20 1716.00
1 17 1496.00
2 16 15 2388.00
1 16 5323.00
1 14 3229.00
2 12 13 2777.00
1 13 2838.00
1 11 2304.00
2 8 10 3505.00
2 8 9 1090.00
2 7 9 3492.00
1 9 13.00
1 6 5615.00
1 5 5273.00
2 2 4 1420.00
3 1 2 3 2304.00
2 1 2 473.00
2 0 2 398.00
1 0 4197.00
112635.00
65_XPY 650_SUM 65_XPY 1000_QR 10_COPY 1300_QR 40_COPY 50_XPY 65_XPY 65_XPY 25_COPY 1000_QR 650_SUM 40_COPY 1100_QR 35_XPY 55_COPY 350_SUM 10_COPY 500_SUM 1300_QR 20_XPY 25_COPY 50_XPY 1000_QR 40_COPY 35_XPY 1000_QR 1000_QR 25_COPY 65_XPY 350_SUM 55_COPY 1100_QR 1000_QR 200_SUM 350_SUM 25_COPY 1000_QR 1300_QR 50_XPY 1100_QR 1300_QR 20_XPY 1300_QR 20_XPY 40_COPY 350_SUM 65_XPY 1000_QR 