48
2 48 49 2777.00
1 48 2838.00
2 45 47 5615.00
2 43 46 855.00
2 43 44 2650.00
2 40 44 2623.00
2 40 42 1420.00
2 40 41 1230.00
2 38 41 1341.00
2 37 41 3044.00
2 37 39 995.00
2 36 39 3229.00
2 35 39 2304.00
1 39 1183.00
2 34 30 1496.00
2 33 30 641.00
1 33 779.00
1 32 2137.00
1 31 7711.00
3 27 28 29 2137.00
2 27 29 640.00
1 27 2496.00
2 25 26 2304.00
2 24 26 1201.00
1 24 4072.00
2 22 23 2388.00
1 23 1651.00
2 19 21 1420.00
1 21 3175.00
2 18 20 2137.00
2 17 20 1092.00
2 16 17 404.00
1 16 4869.00
2 14 15 1496.00
1 15 3777.00
1 13 1496.00
1 12 5273.00
1 11 1496.00
1 10 5273.00
1 9 855.00
1 8 4039.00
1 7 1420.00
2 5 6 855.00
1 5 4760.00
3 0 3 4 2137.00
2 0 4 1902.00
1 2 2777.00
1 1 2388.00
114798.00
1200_QR 35_XPY 650_SUM 500_SUM 1200_QR 40_COPY 200_SUM 10_COPY 1200_QR 200_SUM 1300_QR 350_SUM 1300_QR 350_SUM 350_SUM 1300_QR 1300_QR 350_SUM 500_SUM 10_COPY 1100_QR 65_XPY 35_XPY 1200_QR 1300_QR 1000_QR 25_COPY 1300_QR 500_SUM 650_SUM 500_SUM 55_COPY 500_SUM 10_COPY 350_SUM 1000_QR 1100_QR 1200_QR 20_XPY 55_COPY 1300_QR 40_COPY 10_COPY 25_COPY 1300_QR 40_COPY 200_SUM 40_COPY 40_COPY 650_SUM 