128
40 194 168 142 105 104 79 77 42 36 14 2 8 9 47 85 97 107 123 135 143 177 183 184 185 20 37 41 43 48 56 83 95 100 113 122 130 131 134 147 156 6877.32
40 130 131 3 134 135 8 9 143 83 147 20 85 156 95 31 97 163 100 37 41 107 43 47 48 177 113 49 51 181 118 183 184 56 185 57 122 123 125 126 127 2150.70
40 130 131 3 4 134 135 8 9 10 143 83 147 20 85 153 156 95 31 97 163 100 37 166 41 107 43 47 48 113 49 51 181 118 56 57 122 123 125 126 127 3416.18
40 130 131 3 4 134 135 8 9 10 143 83 147 19 20 85 24 153 156 29 95 31 97 163 100 37 166 40 107 46 47 49 50 51 181 118 57 123 125 126 127 26.10
40 65 130 131 3 4 134 137 10 138 75 78 83 147 19 20 150 24 152 153 156 29 95 31 163 100 37 166 40 46 175 49 50 51 52 181 118 57 125 126 127 1688.50
40 64 65 130 131 3 4 134 137 10 138 74 75 78 83 147 19 20 150 24 152 153 156 29 31 163 166 40 46 175 49 50 51 52 181 118 57 188 125 126 127 1074.01
40 64 65 3 4 137 10 138 74 75 78 80 81 19 149 150 24 152 153 90 29 31 163 99 166 40 46 174 175 49 50 51 52 181 118 57 186 188 125 126 127 7518.09
40 64 65 3 4 137 10 138 74 75 78 80 81 19 149 150 24 152 153 90 29 31 163 99 166 40 46 174 175 49 50 51 52 118 57 186 188 125 189 126 127 1725.90
40 64 65 66 3 4 137 10 138 74 75 78 80 81 19 149 150 24 152 153 90 29 31 99 166 40 46 174 175 49 50 51 52 118 57 186 188 125 189 126 127 3629.64
40 64 65 66 3 4 68 137 10 138 74 75 78 80 81 19 84 149 150 24 152 153 90 29 94 31 99 166 40 46 174 175 49 50 51 52 118 57 186 188 189 843.85
40 64 65 1 66 4 68 137 10 138 74 75 13 78 80 81 19 84 149 150 23 24 152 153 90 155 29 94 99 166 40 44 46 174 175 50 179 52 186 188 189 3223.94
40 64 65 1 66 4 68 137 10 138 74 75 13 78 80 81 19 84 149 150 86 23 24 152 88 90 155 29 94 99 40 44 46 174 175 50 179 52 186 188 189 11671.21
40 64 65 66 4 68 137 10 138 74 75 78 80 81 19 84 149 150 86 24 152 88 90 155 29 94 99 102 40 106 46 174 175 50 179 115 52 121 186 188 189 3175.38
40 64 65 129 4 68 137 10 138 74 75 78 80 81 19 84 149 150 86 24 152 88 90 155 29 94 99 102 40 106 46 174 175 50 179 115 52 121 186 188 189 45.24
40 64 65 129 4 68 132 137 10 138 74 75 78 80 81 19 84 149 150 24 152 90 155 29 157 94 99 102 40 106 46 174 175 50 179 115 52 121 186 188 189 3580.34
40 64 65 129 4 132 137 10 138 74 75 78 80 81 19 149 150 24 152 90 155 29 157 162 99 102 40 106 173 46 174 175 176 50 179 115 52 121 186 188 189 842.05
40 64 65 129 4 132 137 10 138 74 75 78 80 81 17 18 19 149 150 24 152 90 29 157 162 99 102 40 106 173 46 174 175 176 50 115 52 121 186 188 189 6162.80
40 64 65 129 4 132 69 71 137 10 138 74 75 78 80 81 17 18 19 149 150 24 152 90 27 29 157 162 99 102 106 173 174 175 176 115 52 121 186 188 189 38.04
40 64 65 129 4 132 69 71 137 73 10 138 74 75 78 80 81 17 18 19 149 150 24 152 90 27 92 29 157 162 99 102 106 173 174 176 115 121 186 188 189 389.93
40 64 65 129 4 132 69 71 137 73 10 138 74 75 78 80 81 17 18 19 149 150 152 90 27 92 157 162 99 101 102 106 173 174 176 115 116 121 186 188 189 38.04
40 64 128 65 129 4 132 69 71 137 73 10 138 74 75 78 80 81 17 18 19 149 150 90 27 92 157 162 99 101 102 106 173 174 176 115 116 121 186 188 189 639.78
40 64 128 65 129 4 132 69 71 137 73 10 138 74 75 141 78 80 144 81 17 18 19 149 150 25 90 154 27 92 157 162 99 101 173 174 176 116 186 188 189 646.71
40 64 128 65 129 132 69 71 137 73 138 74 75 141 78 80 144 81 17 18 19 149 150 25 90 154 26 27 92 157 162 99 101 39 173 174 176 116 186 188 189 532.59
40 64 128 65 129 132 69 71 137 73 138 74 75 141 78 80 144 81 17 18 19 149 25 90 154 26 27 92 157 162 99 101 39 173 174 176 116 186 58 188 189 285.32
40 64 128 65 129 132 69 70 71 137 73 138 74 75 141 78 80 144 81 17 18 19 149 25 90 154 26 27 92 157 162 99 101 39 173 174 176 116 186 58 189 551.61
40 64 128 65 129 132 69 70 71 137 73 138 74 75 141 78 80 144 81 17 18 149 25 90 154 26 27 91 92 157 162 99 101 39 173 174 176 116 186 58 189 138.85
40 64 128 65 129 132 69 70 71 137 73 138 74 75 141 78 80 144 81 149 25 90 154 26 27 91 92 157 162 99 101 39 173 174 176 114 116 120 186 58 189 2103.53
40 64 128 65 129 132 69 133 70 71 137 73 138 74 75 141 78 80 144 81 149 25 90 154 26 27 91 92 162 99 101 39 173 174 176 114 116 120 186 58 189 203.57
40 64 128 65 132 69 133 70 198 71 137 73 138 74 75 141 78 80 144 81 149 25 90 154 26 27 91 92 162 99 101 39 173 174 176 114 116 120 186 58 189 67.86
40 64 128 65 69 133 70 198 71 199 137 73 138 74 75 141 78 80 144 81 149 25 90 154 26 27 91 92 162 99 101 39 173 174 176 114 116 120 186 58 189 1293.43
40 64 128 67 69 133 5 70 198 71 199 73 74 12 141 80 144 16 81 149 87 25 90 154 26 27 91 92 162 99 101 39 173 174 176 114 116 120 186 58 189 2268.33
40 64 128 67 69 133 5 70 198 71 199 73 74 12 141 80 144 16 81 149 87 25 90 154 26 27 91 92 96 162 99 101 39 173 174 114 116 120 186 58 189 271.08
40 64 128 67 69 133 5 70 198 71 199 73 74 12 141 80 144 16 81 149 87 25 90 154 26 27 91 96 162 99 101 39 103 173 174 114 116 120 186 58 189 89.26
40 64 128 67 69 133 5 70 198 71 199 73 74 12 140 141 80 144 16 81 149 87 25 90 154 26 91 96 162 99 101 39 103 173 174 114 116 120 186 58 189 95.14
40 64 128 67 69 133 5 70 198 71 199 73 74 12 140 141 80 144 16 81 149 87 151 25 90 154 26 91 96 162 99 101 165 39 103 173 114 116 120 58 189 199.79
40 64 128 67 195 69 133 5 70 198 71 199 73 74 12 140 141 80 144 16 81 149 87 151 25 154 26 91 96 162 101 165 39 103 173 114 116 120 58 187 189 19.03
40 64 128 67 195 196 69 133 5 70 198 71 199 73 74 12 140 141 15 144 16 87 151 25 154 26 91 96 32 162 101 165 39 103 173 114 116 120 58 187 189 99.18
40 64 128 67 195 196 69 133 5 70 198 71 199 73 74 12 140 141 15 144 16 87 151 25 154 26 91 96 32 162 101 165 39 103 173 45 114 120 58 187 189 49.59
40 64 128 67 195 196 69 133 5 70 198 71 199 73 74 12 140 141 15 144 16 87 151 25 154 26 91 96 32 162 165 39 103 173 45 114 120 58 187 189 61 329.59
40 64 128 67 195 196 69 133 5 70 198 71 199 73 74 12 140 141 15 144 16 87 151 25 154 26 91 96 32 162 165 39 103 45 114 120 58 187 189 61 63 281.12
40 64 128 67 195 196 69 133 5 70 198 71 199 73 74 12 140 141 15 144 16 82 87 151 25 154 26 91 96 32 165 39 103 45 114 120 58 187 189 61 63 89.26
40 64 128 67 195 196 69 133 5 70 198 199 73 74 12 140 141 15 144 16 82 87 151 25 89 154 26 91 96 32 165 39 103 45 114 120 58 187 189 61 63 49.59
40 64 128 67 195 196 69 133 5 70 198 199 74 12 140 141 15 144 16 82 87 151 25 89 154 26 91 96 32 165 39 103 45 112 114 120 58 187 189 61 63 595.06
40 64 128 67 195 196 133 5 70 198 199 74 12 140 141 15 144 16 82 87 151 25 89 154 26 91 96 32 165 39 103 45 112 114 120 58 187 124 189 61 63 714.07
40 64 67 195 196 133 5 70 198 199 74 12 140 141 15 144 16 145 82 87 151 25 89 154 26 91 96 32 165 39 103 45 112 114 120 58 187 124 189 61 63 267.78
40 64 67 195 196 133 5 70 198 199 74 12 140 15 16 145 82 87 151 25 89 26 91 159 96 32 160 161 165 39 103 45 112 114 120 58 187 124 189 61 63 8590.83
40 64 67 195 196 133 5 70 198 199 74 12 140 15 16 145 82 87 151 25 89 26 91 159 96 32 160 161 165 39 103 45 112 114 180 120 58 187 124 61 63 104.65
40 193 67 195 196 133 5 70 198 199 12 140 15 16 145 82 87 151 25 89 26 91 159 96 32 160 161 165 39 103 45 112 114 180 120 58 187 124 61 190 63 8211.38
40 193 67 195 196 133 5 70 198 199 7 12 140 15 16 145 82 87 151 89 26 91 159 96 32 160 161 165 39 103 45 112 114 180 120 58 187 124 61 190 63 882.30
40 193 67 195 196 133 5 70 198 199 7 12 140 15 16 145 82 87 151 89 26 91 28 159 96 32 160 161 165 103 45 112 114 180 120 58 187 124 61 190 63 80.21
40 193 67 195 196 133 5 70 198 199 7 12 140 15 16 145 82 87 151 89 91 28 159 96 32 160 161 165 38 103 45 112 114 180 120 58 187 124 61 190 63 350.91
40 193 67 195 196 133 5 70 198 199 7 12 140 15 16 145 82 87 151 89 91 28 159 96 32 160 161 165 38 103 45 112 114 180 53 120 187 124 61 190 63 872.27
40 193 67 195 196 133 5 198 199 7 12 140 15 16 145 82 87 151 89 91 28 159 96 32 160 161 165 38 103 45 112 114 180 53 54 120 187 124 61 190 63 621.62
40 193 67 195 196 133 5 198 199 7 12 140 15 16 145 82 87 151 89 91 28 159 96 32 160 161 165 38 103 45 112 114 180 53 54 187 124 60 61 190 63 140.37
40 193 67 195 196 133 5 198 199 7 12 140 15 16 145 82 87 151 89 28 159 96 32 160 161 98 165 38 103 45 111 112 180 53 54 187 124 60 61 190 63 3509.13
40 193 67 195 196 5 198 199 7 12 140 15 16 145 82 87 151 89 28 159 96 32 160 161 98 165 38 103 171 45 111 112 180 53 54 187 124 60 61 190 63 200.52
40 192 193 67 195 196 5 199 7 12 140 15 16 145 82 87 151 89 28 159 96 32 160 161 98 165 38 103 171 45 111 112 180 53 54 187 124 60 61 190 63 90.23
40 192 193 67 195 196 5 6 7 12 140 15 16 145 82 87 151 89 28 159 96 32 160 161 98 165 38 103 171 45 111 112 180 53 54 187 124 60 61 190 63 6108.43
40 192 193 67 195 196 5 6 7 11 12 140 15 16 145 82 87 151 89 28 159 96 32 160 161 98 165 38 171 45 111 112 180 53 54 187 124 60 61 190 63 74.36
40 192 193 67 195 196 5 6 7 11 12 140 15 16 145 82 87 151 89 28 159 32 160 161 33 98 165 38 171 45 111 112 180 53 54 187 124 60 61 190 63 233.71
40 192 193 67 195 196 5 6 7 11 12 140 15 16 145 82 87 151 89 28 159 32 160 161 33 98 38 171 45 111 112 180 53 54 187 59 124 60 61 190 63 84.99
40 192 193 67 195 196 5 6 7 72 11 12 140 15 16 145 82 87 151 89 28 159 32 160 161 33 98 38 171 45 111 112 180 53 54 59 124 60 61 190 63 393.06
40 192 193 67 195 196 5 6 7 72 11 12 140 15 16 145 82 151 89 28 159 32 160 161 33 98 38 171 108 45 111 112 180 53 54 59 124 60 61 190 63 53.12
40 192 193 67 195 196 5 6 7 72 11 139 12 140 15 145 82 151 89 28 159 32 160 161 33 98 38 171 108 45 111 112 180 53 54 59 124 60 61 190 63 4015.63
40 192 193 67 195 196 5 6 7 72 11 139 12 140 15 145 82 146 89 28 159 32 160 161 33 98 38 171 108 45 111 112 180 53 54 59 124 60 61 190 63 286.83
40 192 193 67 195 196 6 7 72 11 139 140 15 145 82 146 89 28 30 159 32 160 161 33 98 38 171 108 172 45 111 112 180 53 54 59 124 60 61 190 63 775.50
40 192 193 195 196 6 7 72 11 139 140 15 145 82 146 89 28 30 159 32 160 161 33 98 34 38 171 108 172 45 111 112 180 53 54 59 124 60 61 190 63 1774.64
40 192 193 195 196 6 7 72 11 139 140 15 145 82 146 89 28 30 159 32 160 161 33 98 34 38 171 108 172 45 111 112 180 53 54 59 124 60 190 62 63 319.39
40 192 193 195 196 6 72 11 139 140 76 15 145 82 146 89 28 30 159 32 160 161 33 98 34 38 171 108 172 45 111 112 180 53 54 59 124 60 190 62 63 33.07
40 192 193 195 196 6 72 11 139 140 76 15 145 82 146 89 28 30 159 32 160 161 33 98 34 38 171 108 172 45 111 112 180 53 54 119 59 124 60 190 62 396.92
40 192 193 195 196 72 136 11 139 140 76 15 145 82 146 89 28 30 159 32 160 161 33 98 34 38 171 108 172 45 111 112 180 53 54 119 59 124 60 190 62 425.85
40 192 193 195 196 72 136 11 139 140 76 15 145 82 146 89 28 30 159 32 160 161 33 98 34 164 171 108 172 45 111 112 180 53 54 119 59 124 60 190 62 212.47
40 192 193 195 196 72 136 11 139 76 15 145 82 146 89 28 30 159 32 160 161 33 98 34 164 167 171 108 172 45 111 112 180 53 54 119 59 124 60 190 62 116.14
40 192 193 195 196 72 136 11 139 76 15 145 82 146 89 30 159 32 160 161 33 98 34 164 167 169 171 108 172 45 111 112 180 53 54 119 59 124 60 190 62 29.04
40 192 193 195 196 72 136 11 139 76 15 145 82 146 89 30 159 32 160 161 33 98 34 164 167 169 171 108 172 45 111 112 180 54 119 59 124 60 190 62 191 456.80
40 192 193 195 197 72 136 11 139 76 15 145 82 146 89 30 159 32 160 161 33 98 34 164 167 169 171 108 172 45 111 112 180 54 119 59 124 60 190 62 191 264.54
40 192 193 195 197 72 136 11 139 76 15 145 82 146 21 89 30 159 32 160 161 33 98 34 164 167 169 171 108 172 111 112 180 54 119 59 124 60 190 62 191 74.36
40 192 193 197 72 136 11 139 76 15 145 82 146 21 22 89 30 159 32 160 161 33 98 34 164 167 169 171 108 172 111 112 180 54 119 59 124 60 190 62 191 290.35
40 192 193 197 72 136 11 139 76 15 145 82 146 21 22 89 30 159 32 160 161 33 98 34 35 164 167 169 171 108 172 111 112 180 119 59 124 60 190 62 191 771.58
40 192 193 197 72 136 11 139 76 15 145 82 146 21 22 89 30 159 32 160 161 33 98 34 35 164 167 169 171 108 172 111 180 119 55 59 124 60 190 62 191 29.04
40 192 193 197 72 136 11 139 76 15 145 82 146 21 22 89 93 30 159 32 160 161 33 98 34 35 164 167 169 171 108 172 111 180 119 55 59 124 190 62 191 580.71
40 192 193 197 72 136 11 139 76 15 145 82 146 21 22 89 93 30 159 32 160 161 33 98 34 35 164 167 169 171 108 172 109 180 119 55 59 124 190 62 191 55.11
40 192 193 197 72 136 11 139 76 15 145 82 146 21 22 89 93 30 159 32 160 161 33 98 34 35 164 167 169 171 108 172 109 110 180 119 55 59 190 62 191 537.15
40 192 193 197 72 136 11 139 76 15 145 82 146 21 22 89 93 30 159 32 160 161 33 34 35 164 167 169 171 108 172 109 110 180 117 119 55 59 190 62 191 760.56
40 192 193 197 72 136 11 139 76 15 145 82 146 148 21 22 89 93 30 159 160 161 33 34 35 164 167 169 171 108 172 109 110 180 117 119 55 59 190 62 191 562.15
40 192 193 197 72 136 11 139 76 15 145 82 146 148 21 22 89 93 30 158 159 160 33 34 35 164 167 169 171 108 172 109 110 180 117 119 55 59 190 62 191 55.11
40 192 193 197 72 136 11 139 76 15 145 82 146 148 21 22 89 93 30 158 159 33 34 35 164 167 169 170 171 108 172 109 110 180 117 119 55 59 190 62 191 782.60
40 192 193 197 72 136 11 139 76 15 145 82 146 148 21 22 93 30 158 159 33 34 35 164 167 169 170 171 108 172 109 110 178 180 117 119 55 59 190 62 191 584.20
40 192 193 197 72 136 11 139 76 145 82 146 148 21 22 93 30 158 159 33 34 35 164 167 169 170 171 108 172 109 110 178 180 117 182 119 55 59 190 62 191 900.33
39 192 193 197 72 136 11 139 76 145 82 146 148 21 22 93 30 158 159 33 34 35 164 167 169 170 171 108 172 109 110 178 180 117 182 119 55 190 62 191 143.29
38 192 193 197 72 136 11 139 76 145 146 148 21 22 93 30 158 159 33 34 35 164 167 169 170 171 108 172 109 110 178 180 117 182 119 55 190 62 191 203.30
37 192 193 197 72 136 11 139 76 145 146 148 21 22 93 30 158 159 34 35 164 167 169 170 171 108 172 109 110 178 180 117 182 119 55 190 62 191 496.02
36 192 193 197 72 136 11 139 76 145 146 148 21 22 93 30 158 34 35 164 167 169 170 171 108 172 109 110 178 180 117 182 119 55 190 62 191 87.13
35 192 193 197 72 136 139 76 145 146 148 21 22 93 30 158 34 35 164 167 169 170 171 108 172 109 110 178 180 117 182 119 55 190 62 191 96.81
34 192 193 197 72 136 139 76 145 146 148 21 22 93 30 158 34 35 164 167 169 170 171 172 109 110 178 180 117 182 119 55 190 62 191 48.39
33 192 193 197 72 136 139 76 145 146 148 21 22 93 30 158 34 35 164 167 169 170 172 109 110 178 180 117 182 119 55 190 62 191 338.83
32 192 193 197 136 139 76 145 146 148 21 22 93 30 158 34 35 164 167 169 170 172 109 110 178 180 117 182 119 55 190 62 191 58.09
31 192 193 197 136 76 145 146 148 21 22 93 30 158 34 35 164 167 169 170 172 109 110 178 180 117 182 119 55 190 62 191 440.90
30 192 193 197 136 76 146 148 21 22 93 30 158 34 35 164 167 169 170 172 109 110 178 180 117 182 119 55 190 62 191 454.89
29 193 197 136 76 146 148 21 22 93 30 158 34 35 164 167 169 170 172 109 110 178 180 117 182 119 55 190 62 191 80.06
28 193 197 136 76 146 148 22 93 30 158 34 35 164 167 169 170 172 109 110 178 180 117 182 119 55 190 62 191 50.94
27 193 197 136 76 146 148 93 30 158 34 35 164 167 169 170 172 109 110 178 180 117 182 119 55 190 62 191 94.61
26 193 197 136 76 146 148 93 30 158 34 164 167 169 170 172 109 110 178 180 117 182 119 55 190 62 191 363.89
25 193 197 136 76 146 148 93 30 158 34 164 167 169 170 172 109 110 178 180 117 182 119 190 62 191 225.61
24 193 34 164 197 167 136 169 170 76 172 109 110 146 178 148 180 117 182 119 30 158 190 62 191 320.22
23 193 34 164 197 167 136 169 170 76 172 110 146 178 148 180 117 182 119 30 158 190 62 191 29.11
22 193 34 164 197 167 136 169 170 76 172 146 178 148 180 117 182 119 30 158 190 62 191 244.53
21 193 34 164 197 167 136 169 170 76 172 146 178 148 180 182 119 30 158 190 62 191 646.27
20 193 34 164 197 167 136 169 170 76 172 146 178 180 182 119 30 158 190 62 191 116.17
19 193 34 164 197 167 136 169 170 76 146 178 180 182 119 30 158 190 62 191 106.74
17 193 34 164 197 167 136 169 76 146 178 180 182 119 30 190 62 191 116.17
16 193 34 164 197 167 136 169 76 178 180 182 119 30 190 62 191 187.38
15 193 34 164 197 167 136 169 76 178 180 182 119 30 62 191 45.75
14 193 34 164 197 167 136 169 76 180 182 119 30 62 191 178.31
13 193 34 164 197 167 136 169 76 180 119 30 62 191 381.07
12 193 34 164 197 167 119 136 169 76 30 62 191 1477.03
11 34 164 197 167 119 136 169 76 30 62 191 1480.86
10 34 164 197 167 119 136 169 76 62 191 355.02
9 164 197 167 119 136 169 76 62 191 261.90
8 164 197 167 119 136 169 76 191 181.31
7 164 197 167 119 136 169 76 29.10
6 164 197 167 119 136 169 6.85
5 164 197 167 136 169 155.68
4 164 197 167 136 3.49
4 0 197 167 136 5.00
3 0 197 136 16.00
2 0 197 137.00
1 0 4437.00
129791.27
65_XPY 1000_QR 20_XPY 65_XPY 40_COPY 1200_QR 350_SUM 500_SUM 35_XPY 35_XPY 40_COPY 350_SUM 1200_QR 1000_QR 20_XPY 1300_QR 1200_QR 10_COPY 10_COPY 40_COPY 50_XPY 200_SUM 200_SUM 1000_QR 40_COPY 1100_QR 1100_QR 10_COPY 500_SUM 40_COPY 650_SUM 65_XPY 1300_QR 350_SUM 650_SUM 200_SUM 20_XPY 50_XPY 500_SUM 1100_QR 40_COPY 50_XPY 20_XPY 50_XPY 1000_QR 1300_QR 40_COPY 35_XPY 50_XPY 65_XPY 40_COPY 65_XPY 40_COPY 500_SUM 500_SUM 200_SUM 50_XPY 65_XPY 1100_QR 350_SUM 500_SUM 1300_QR 650_SUM 1300_QR 55_COPY 40_COPY 25_COPY 1200_QR 25_COPY 10_COPY 1100_QR 10_COPY 350_SUM 10_COPY 55_COPY 40_COPY 650_SUM 20_XPY 40_COPY 20_XPY 55_COPY 55_COPY 1300_QR 50_XPY 25_COPY 35_XPY 1000_QR 1200_QR 1000_QR 1300_QR 55_COPY 1100_QR 10_COPY 200_SUM 25_COPY 50_XPY 1200_QR 35_XPY 500_SUM 55_COPY 50_XPY 10_COPY 1000_QR 1200_QR 20_XPY 20_XPY 1000_QR 35_XPY 350_SUM 200_SUM 200_SUM 500_SUM 1300_QR 50_XPY 1100_QR 1000_QR 10_COPY 200_SUM 65_XPY 650_SUM 1100_QR 1000_QR 50_XPY 35_XPY 1300_QR 65_XPY 65_XPY 65_XPY 10_COPY 1000_QR 50_XPY 50_XPY 1000_QR 1100_QR 50_XPY 35_XPY 650_SUM 40_COPY 40_COPY 350_SUM 1200_QR 10_COPY 20_XPY 35_XPY 10_COPY 1300_QR 350_SUM 50_XPY 200_SUM 55_COPY 40_COPY 1200_QR 40_COPY 65_XPY 10_COPY 25_COPY 50_XPY 1000_QR 200_SUM 1300_QR 1300_QR 1300_QR 1000_QR 50_XPY 650_SUM 1200_QR 65_XPY 650_SUM 20_XPY 650_SUM 200_SUM 500_SUM 350_SUM 1000_QR 55_COPY 40_COPY 1000_QR 35_XPY 200_SUM 25_COPY 1300_QR 50_XPY 200_SUM 35_XPY 35_XPY 35_XPY 55_COPY 1200_QR 40_COPY 55_COPY 1300_QR 650_SUM 500_SUM 1300_QR 20_XPY 1200_QR 1200_QR 650_SUM 1100_QR 1100_QR 