46
5 26 35 18 34 2 2172.41
11 33 18 2 35 4 37 38 6 41 26 28 284.35
11 33 18 2 4 37 38 6 41 26 28 14 1244.52
10 33 18 2 4 37 6 41 26 28 14 487.79
17 33 2 4 37 6 8 41 43 11 14 46 48 16 17 26 27 28 795.71
16 33 2 4 37 8 41 43 11 14 46 48 16 17 26 27 28 392.10
19 33 1 2 4 37 8 41 9 43 11 14 46 47 15 48 16 17 27 28 491.91
18 1 2 4 37 8 41 9 43 11 14 46 47 15 48 16 17 27 28 1391.95
37 1 3 4 5 7 8 9 10 11 12 14 15 16 17 19 21 23 24 25 27 28 29 30 31 32 36 37 39 40 41 42 43 44 46 47 48 49 2037.79
36 1 3 4 5 7 8 9 10 11 12 14 15 16 17 19 21 23 24 25 27 28 29 30 31 32 36 37 39 40 41 42 43 44 47 48 49 851.93
36 1 3 4 5 7 8 9 10 11 12 15 16 17 19 21 22 23 24 25 27 28 29 30 31 32 36 37 39 40 41 42 43 44 47 48 49 1659.34
35 1 3 4 5 7 8 10 11 12 15 16 17 19 21 22 23 24 25 27 28 29 30 31 32 36 37 39 40 41 42 43 44 47 48 49 3220.83
34 3 4 5 7 8 10 11 12 15 16 17 19 21 22 23 24 25 27 28 29 30 31 32 36 37 39 40 41 42 43 44 47 48 49 474.37
33 3 4 5 7 8 10 11 12 15 16 19 21 22 23 24 25 27 28 29 30 31 32 36 37 39 40 41 42 43 44 47 48 49 290.35
31 3 4 5 7 8 10 12 15 16 19 21 22 23 24 25 27 29 30 31 32 36 37 39 40 41 42 43 44 47 48 49 879.36
29 3 4 5 7 8 10 12 15 16 21 22 23 24 25 27 29 30 31 32 36 37 39 40 41 43 44 47 48 49 681.01
28 3 4 5 8 10 12 15 16 21 22 23 24 25 27 29 30 31 32 36 37 39 40 41 43 44 47 48 49 2902.40
27 3 4 5 8 10 12 15 16 21 23 24 25 27 29 30 31 32 36 37 39 40 41 43 44 47 48 49 1948.43
26 3 4 5 8 10 12 15 16 21 23 24 27 29 30 31 32 36 37 39 40 41 43 44 47 48 49 286.83
25 3 4 5 8 10 12 15 16 21 23 24 27 29 30 31 32 36 39 40 41 43 44 47 48 49 727.70
24 32 3 36 5 39 8 40 41 10 43 12 44 15 47 16 48 49 21 23 24 27 29 30 31 1084.71
23 32 3 36 5 39 8 40 41 10 12 44 15 47 16 48 49 21 23 24 27 29 30 31 296.16
21 32 36 5 39 8 40 41 10 12 44 15 47 16 48 49 21 23 24 27 29 31 220.67
20 36 5 39 8 40 41 10 12 44 15 47 16 48 49 21 23 24 27 29 31 605.84
19 36 5 39 8 40 41 10 12 44 15 47 16 48 49 23 24 27 29 31 878.29
18 5 39 8 40 41 10 12 44 15 47 16 48 49 23 24 27 29 31 344.20
17 5 39 40 41 10 12 44 15 47 16 48 49 23 24 27 29 31 1188.25
16 5 39 40 41 10 12 44 15 47 16 48 23 24 27 29 31 41.57
15 5 39 40 41 10 12 44 15 47 16 48 23 24 27 31 1305.15
14 5 39 40 41 10 12 44 15 47 16 48 24 27 31 323.36
14 5 39 40 10 12 44 15 47 16 48 20 24 27 31 964.48
13 5 39 40 10 12 44 15 47 16 48 20 24 31 162.58
12 48 20 5 39 40 24 10 12 44 15 47 31 760.84
12 20 5 39 40 24 10 12 44 45 15 47 31 166.56
11 20 5 39 40 24 10 12 44 45 47 31 585.42
11 20 5 39 40 24 10 12 44 45 13 31 433.56
10 20 5 39 40 10 12 44 45 13 31 15.43
9 20 5 39 40 10 12 45 13 31 132.27
7 20 5 39 40 45 13 31 2.94
6 20 5 39 45 13 31 515.94
5 20 39 45 13 31 1430.36
4 20 39 45 31 60.00
3 39 45 31 239.00
2 45 31 9.00
2 0 45 2805.00
1 0 1234.00
39026.67
1200_QR 35_XPY 650_SUM 500_SUM 1200_QR 40_COPY 200_SUM 10_COPY 1200_QR 200_SUM 1300_QR 350_SUM 1300_QR 350_SUM 350_SUM 1300_QR 1300_QR 350_SUM 500_SUM 10_COPY 1100_QR 65_XPY 35_XPY 1200_QR 1300_QR 1000_QR 25_COPY 1300_QR 500_SUM 650_SUM 500_SUM 55_COPY 500_SUM 10_COPY 350_SUM 1000_QR 1100_QR 1200_QR 20_XPY 55_COPY 1300_QR 40_COPY 10_COPY 25_COPY 1300_QR 40_COPY 200_SUM 40_COPY 40_COPY 650_SUM 