27
40 45 43 21 41 42 44 15 26 7 23 40 2 8 9 30 48 6 13 25 46 16 32 10 22 29 37 3 11 24 27 28 34 38 49 4 18 14 33 5 20 6877.32
40 2 3 4 5 6 7 8 9 10 11 13 14 15 16 17 18 19 20 22 23 24 25 26 27 28 29 30 32 33 34 37 38 39 40 41 42 44 46 48 49 2512.46
40 2 3 5 6 7 8 9 10 11 13 14 15 16 17 19 20 22 23 24 25 26 27 28 29 30 31 32 33 34 36 37 38 39 40 41 42 44 46 48 49 3079.89
40 1 2 3 5 6 7 8 9 10 11 13 14 16 17 19 20 22 23 24 25 27 28 29 30 31 32 33 34 36 37 38 39 40 41 42 44 46 47 48 49 2429.89
36 1 2 3 5 6 7 8 9 10 11 12 13 14 16 17 19 20 22 23 25 29 30 31 32 33 35 36 37 39 40 41 42 44 46 47 48 814.27
34 1 2 5 6 7 8 9 10 12 13 14 16 17 19 20 22 23 25 29 30 31 32 33 35 36 37 39 40 41 42 44 46 47 48 1969.92
33 1 2 5 6 7 8 9 10 12 13 14 16 17 19 20 22 23 25 29 30 31 32 33 35 36 37 39 41 42 44 46 47 48 659.01
31 1 2 5 6 8 9 10 12 13 14 16 17 19 20 22 25 29 30 31 32 33 35 36 37 39 41 42 44 46 47 48 2279.87
30 1 2 5 6 8 9 10 12 13 14 16 19 20 22 25 29 30 31 32 33 35 36 37 39 41 42 44 46 47 48 995.93
27 1 2 5 6 8 9 10 12 13 16 19 20 22 25 29 30 31 32 35 36 37 39 42 44 46 47 48 201.95
22 32 1 35 36 5 37 6 39 10 42 12 44 13 46 47 16 19 20 22 25 29 31 17.47
21 32 1 36 5 37 6 39 10 42 12 44 13 46 47 16 19 20 22 25 29 31 534.39
19 32 1 5 37 6 39 10 42 12 44 13 46 47 16 19 20 22 25 29 1469.42
16 32 1 5 6 39 10 42 12 44 13 46 47 16 19 20 25 62.23
15 32 1 5 6 39 10 42 12 44 13 46 16 19 20 25 589.00
14 32 1 5 6 39 10 42 12 44 13 46 16 20 25 341.60
13 32 1 5 6 39 42 12 44 13 46 16 20 25 3833.91
12 32 16 20 5 6 39 25 42 12 44 13 46 206.67
11 32 16 5 6 39 25 42 12 44 13 46 29.39
9 32 16 5 6 39 25 12 13 46 108.22
8 32 16 6 39 25 12 13 46 297.71
7 32 16 6 39 25 13 46 493.19
6 32 16 6 39 25 13 12.31
4 32 16 0 39 362.00
3 32 16 0 1424.00
2 32 0 85.00
1 0 2724.00
34411.01
65_XPY 650_SUM 65_XPY 1000_QR 10_COPY 1300_QR 40_COPY 50_XPY 65_XPY 65_XPY 25_COPY 1000_QR 650_SUM 40_COPY 1100_QR 35_XPY 55_COPY 350_SUM 10_COPY 500_SUM 1300_QR 20_XPY 25_COPY 50_XPY 1000_QR 40_COPY 35_XPY 1000_QR 1000_QR 25_COPY 65_XPY 350_SUM 55_COPY 1100_QR 1000_QR 200_SUM 350_SUM 25_COPY 1000_QR 1300_QR 50_XPY 1100_QR 1300_QR 20_XPY 1300_QR 20_XPY 40_COPY 350_SUM 65_XPY 1000_QR 