48
2 43 49 1341.00
1 49 963.00
3 48 46 47 1496.00
2 48 46 2543.00
2 36 45 855.00
1 45 1282.00
2 40 44 2777.00
3 38 40 42 1262.00
2 38 42 158.00
2 38 41 2777.00
3 37 38 39 1418.00
2 37 39 2074.00
2 35 37 1496.00
2 34 37 285.00
1 34 3220.00
1 33 3505.00
1 32 1341.00
2 30 31 5273.00
2 28 29 1496.00
1 28 3777.00
1 27 3505.00
1 26 2388.00
2 24 25 1341.00
3 19 23 24 963.00
3 19 22 23 1174.00
3 19 21 22 855.00
3 19 20 22 1603.00
2 20 22 963.00
1 20 5145.00
1 18 4595.00
2 17 13 1420.00
3 16 13 15 1496.00
3 16 13 14 2699.00
2 16 14 530.00
1 16 548.00
1 12 1496.00
2 9 11 1420.00
2 9 10 968.00
1 10 1809.00
2 7 8 5273.00
1 7 342.00
2 5 6 3492.00
2 3 5 13.00
2 3 4 3479.00
2 2 4 2136.00
1 2 641.00
1 1 2137.00
1 0 4595.00
96365.00
65_XPY 500_SUM 650_SUM 50_XPY 40_COPY 25_COPY 50_XPY 40_COPY 1300_QR 35_XPY 650_SUM 10_COPY 350_SUM 40_COPY 1100_QR 350_SUM 1300_QR 10_COPY 65_XPY 65_XPY 55_COPY 200_SUM 65_XPY 500_SUM 1000_QR 20_XPY 35_XPY 25_COPY 1300_QR 350_SUM 1300_QR 1300_QR 20_XPY 25_COPY 25_COPY 350_SUM 200_SUM 1300_QR 40_COPY 50_XPY 1200_QR 650_SUM 10_COPY 20_XPY 650_SUM 500_SUM 1200_QR 350_SUM 1200_QR 1000_QR 