55
40 80 60 34 33 19 8 9 10 99 14 42 51 64 73 74 30 44 56 93 95 12 20 24 28 62 13 59 61 72 77 83 92 98 2 54 67 75 78 94 1 6877.32
40 64 1 2 66 67 72 9 73 10 74 75 12 13 77 14 78 83 20 24 28 92 93 29 30 94 95 98 99 42 44 45 49 51 54 56 58 59 61 62 63 5590.78
40 1 2 66 67 3 69 7 72 9 10 75 12 13 77 78 16 83 20 24 28 92 93 29 30 94 95 98 99 35 44 45 49 54 56 57 58 59 61 62 63 2423.42
40 1 2 66 67 3 69 6 7 72 9 10 75 12 13 77 78 16 83 20 24 28 92 93 29 30 94 95 98 35 44 45 49 54 56 57 58 59 61 62 63 3772.41
40 1 2 66 67 3 68 69 6 7 72 10 75 12 13 77 78 16 83 20 84 21 24 28 92 29 94 98 35 36 38 45 49 54 55 57 58 59 61 62 63 2758.74
40 1 2 66 67 3 68 69 5 6 7 72 10 75 11 12 76 13 77 78 16 83 84 21 92 29 94 97 98 35 36 38 45 49 54 55 57 58 59 61 63 1687.32
40 2 66 67 3 68 69 5 6 7 72 10 75 11 12 76 13 77 78 16 18 83 84 21 92 29 94 97 98 35 36 38 45 49 54 55 57 58 59 61 63 1176.89
40 2 66 67 3 68 69 5 7 72 10 75 11 12 76 13 77 78 16 18 83 84 21 92 29 94 97 98 35 36 38 39 45 49 54 55 57 58 59 61 63 584.20
40 2 66 67 3 68 4 69 5 7 72 75 11 76 13 77 78 16 18 83 84 21 25 92 29 94 97 98 35 36 38 39 45 49 54 55 57 58 59 61 63 2500.97
40 2 66 67 68 4 5 72 75 11 76 13 77 78 79 15 18 83 84 21 25 26 91 27 92 29 94 97 98 36 38 39 45 47 49 54 55 58 59 61 63 694.23
40 2 66 67 68 4 5 72 75 11 76 13 77 78 79 15 81 18 83 25 26 91 27 92 29 94 97 98 36 39 40 45 47 48 49 54 55 58 59 61 63 3644.62
40 2 66 67 68 4 5 72 75 11 76 13 77 78 79 15 81 18 83 85 25 26 91 27 92 29 94 32 97 98 36 39 40 45 47 48 49 54 55 59 61 877.41
40 2 66 67 68 4 5 72 75 11 76 13 77 78 79 15 81 18 83 85 25 26 91 27 92 29 94 32 97 98 36 37 39 40 45 47 48 54 55 59 61 838.84
40 2 67 68 4 5 72 75 11 76 13 77 78 79 15 81 18 82 83 85 25 26 91 27 92 94 32 97 98 36 37 39 40 47 48 50 52 54 55 59 61 10266.73
40 2 67 68 4 5 72 75 11 76 13 77 78 79 15 81 17 18 82 83 85 25 26 91 27 92 94 32 96 97 98 37 39 40 47 48 50 52 54 59 61 862.24
40 2 67 4 5 72 75 11 76 13 77 78 79 15 81 17 18 82 83 85 22 25 26 91 27 92 94 32 96 97 98 37 39 40 47 48 50 52 54 59 61 1655.45
40 2 67 4 5 72 75 11 76 13 77 78 79 15 81 17 18 82 83 85 22 25 26 91 27 92 94 96 97 98 37 39 40 46 47 48 50 52 54 59 61 871.29
40 2 67 4 5 72 75 11 76 13 77 78 79 15 81 17 18 82 83 85 22 25 26 91 27 92 94 96 97 98 39 40 46 47 48 50 52 53 54 59 61 171.19
40 2 67 4 5 70 71 72 75 11 76 13 78 79 15 81 17 18 82 85 22 86 23 25 89 26 90 91 27 94 96 97 39 40 46 47 48 50 52 53 54 667.99
40 2 67 4 5 70 71 72 75 11 76 13 78 79 15 81 17 18 85 22 86 23 25 89 26 90 91 27 94 31 96 97 39 40 41 43 46 47 48 53 54 174.21
40 65 2 67 4 5 70 71 72 75 11 76 13 78 79 81 17 18 85 22 86 23 87 25 89 26 90 91 94 31 96 97 39 40 41 43 46 47 48 53 54 170.44
40 65 2 67 4 5 70 71 72 75 11 76 13 78 79 81 17 18 85 22 86 23 87 88 25 89 26 90 91 94 31 96 39 40 41 43 46 47 48 53 54 441.15
39 65 2 67 4 5 70 71 72 75 11 13 78 79 81 17 18 85 22 86 23 87 88 25 89 26 90 91 94 31 96 39 40 41 43 46 47 48 53 54 87.11
37 65 2 67 4 5 70 71 72 75 11 13 78 79 81 17 18 85 22 86 23 87 88 25 89 26 90 91 94 31 96 39 41 43 46 47 53 54 145.18
36 65 2 67 4 5 70 71 72 75 11 13 78 79 17 18 85 22 86 23 87 88 25 89 26 90 91 94 31 96 39 41 43 46 47 53 54 1131.75
34 65 2 67 4 5 70 71 75 11 78 79 17 18 85 22 86 23 87 88 25 89 26 90 91 94 31 96 39 41 43 46 47 53 54 1763.48
33 65 2 67 4 5 70 71 75 78 79 17 18 85 22 86 23 87 88 25 89 26 90 91 94 31 96 39 41 43 46 47 53 54 609.74
32 65 2 67 4 5 70 71 75 78 79 17 18 22 86 23 87 88 25 89 26 90 91 94 31 96 39 41 43 46 47 53 54 1083.58
31 65 2 67 4 5 70 71 75 78 79 17 22 86 23 87 88 25 89 26 90 91 94 31 96 39 41 43 46 47 53 54 842.79
30 65 2 67 4 5 70 71 75 78 79 17 22 86 23 87 88 25 89 26 90 91 94 31 96 41 43 46 47 53 54 735.06
29 65 2 67 4 5 70 71 75 78 79 17 22 86 87 88 25 89 26 90 91 94 31 96 41 43 46 47 53 54 72.78
28 65 2 67 4 5 70 71 75 78 79 17 22 86 87 88 25 89 26 90 91 94 31 96 41 46 47 53 54 92.07
27 65 2 67 4 70 71 75 78 79 17 22 86 87 88 25 89 26 90 91 94 31 96 41 46 47 53 54 65.50
25 65 2 67 4 70 71 75 78 79 17 22 86 87 88 25 89 26 90 91 94 96 46 47 53 54 247.45
24 96 65 2 67 4 70 71 75 78 46 79 47 17 53 22 86 54 87 25 89 26 90 91 94 116.45
22 96 2 67 4 70 71 75 78 46 79 47 17 53 22 86 54 25 89 26 90 91 94 1440.53
21 2 67 4 70 71 75 78 46 79 47 17 53 22 86 54 25 89 26 90 91 94 1046.50
20 2 67 4 70 71 75 78 46 79 47 17 53 22 86 54 25 89 26 90 91 209.30
17 2 67 4 70 71 46 79 47 17 53 22 86 25 89 26 90 91 353.91
15 4 70 71 46 79 47 17 53 22 86 25 89 26 90 91 1840.77
14 4 70 71 46 79 47 17 53 22 86 89 26 90 91 9.45
13 70 71 46 79 47 17 53 22 86 89 26 90 91 598.37
12 17 53 70 22 86 71 89 26 90 46 79 47 228.72
11 17 53 70 22 86 71 89 90 46 79 47 139.62
10 17 53 70 22 86 71 89 90 46 79 24.25
9 17 53 70 22 86 71 89 90 46 735.43
8 53 70 22 86 71 89 90 46 213.40
7 53 70 86 71 89 90 46 194.00
6 53 70 86 71 89 90 224.24
5 53 70 86 71 89 24.73
4 70 86 71 89 18.62
4 0 70 86 71 8.62
3 0 70 86 13.00
2 0 70 11.00
1 0 3197.00
66232.23
1100_QR 25_COPY 55_COPY 1000_QR 1300_QR 1200_QR 10_COPY 1000_QR 20_XPY 50_XPY 65_XPY 1200_QR 65_XPY 40_COPY 35_XPY 500_SUM 1000_QR 650_SUM 1200_QR 20_XPY 65_XPY 10_COPY 650_SUM 200_SUM 65_XPY 1300_QR 1300_QR 500_SUM 65_XPY 25_COPY 50_XPY 200_SUM 350_SUM 20_XPY 20_XPY 1000_QR 1100_QR 350_SUM 10_COPY 1200_QR 500_SUM 200_SUM 35_XPY 200_SUM 50_XPY 25_COPY 650_SUM 1300_QR 500_SUM 25_COPY 350_SUM 35_XPY 350_SUM 650_SUM 55_COPY 1100_QR 50_XPY 1000_QR 25_COPY 40_COPY 20_XPY 40_COPY 65_XPY 25_COPY 35_XPY 200_SUM 25_COPY 55_COPY 1100_QR 1000_QR 650_SUM 650_SUM 40_COPY 35_XPY 35_XPY 55_COPY 1100_QR 40_COPY 55_COPY 1300_QR 20_XPY 500_SUM 350_SUM 40_COPY 10_COPY 500_SUM 650_SUM 200_SUM 200_SUM 650_SUM 650_SUM 1300_QR 40_COPY 50_XPY 55_COPY 50_XPY 350_SUM 1100_QR 40_COPY 1000_QR 