97
14 87 81 75 61 12 14 85 86 91 29 78 36 73 37 1964.95
15 36 37 73 75 12 45 14 78 81 85 86 91 61 29 62 1314.17
16 35 36 73 75 12 45 14 78 81 20 85 86 91 61 29 62 549.86
17 35 36 38 73 75 12 45 14 78 20 85 86 91 61 29 62 63 2783.28
17 35 36 5 38 73 42 75 12 45 14 20 85 86 91 61 62 63 2176.70
16 35 36 5 38 73 42 12 45 14 20 85 86 26 91 62 63 1467.15
17 65 2 35 36 5 38 73 42 12 45 14 20 85 26 91 62 63 266.85
16 65 2 35 36 38 73 42 12 45 14 20 85 26 91 62 63 202.48
17 65 2 35 67 36 38 73 42 12 45 20 85 22 26 91 62 63 1518.04
16 65 2 35 67 36 38 42 12 45 20 85 22 26 91 62 63 282.68
17 65 2 35 67 38 42 12 45 19 20 85 22 26 91 62 30 63 1030.75
16 65 2 67 38 42 12 45 19 20 85 22 26 91 62 30 63 1076.13
17 65 33 2 67 42 12 45 19 20 85 22 26 90 91 62 30 63 2182.49
18 65 33 2 66 67 42 12 45 19 20 85 22 26 90 91 62 30 95 867.36
17 65 33 2 66 67 42 45 19 20 85 22 26 90 91 62 30 95 32.31
18 65 33 66 67 7 42 45 19 20 85 22 56 26 90 91 62 30 95 958.97
19 65 33 66 67 7 42 45 19 20 85 22 56 88 26 90 92 62 30 95 896.46
18 65 33 66 67 7 42 45 19 20 85 22 56 88 26 90 92 62 30 837.36
17 65 33 66 7 42 45 19 20 85 22 56 88 26 90 92 62 30 59.49
18 65 33 66 42 44 45 19 20 85 21 22 56 88 26 90 92 62 30 455.60
19 65 33 66 68 42 43 44 45 19 20 85 21 22 56 88 26 90 92 30 914.38
18 65 33 66 68 42 43 44 45 19 20 85 21 56 88 26 90 92 30 866.22
19 64 65 33 66 3 68 42 43 44 45 20 85 21 56 88 26 90 92 30 972.36
19 64 65 33 66 3 42 43 44 45 20 85 21 55 56 88 26 90 92 30 148.39
20 64 65 33 66 3 99 42 10 43 44 45 20 85 21 55 56 88 26 90 92 746.48
19 64 65 33 66 3 99 42 10 43 44 45 20 85 21 55 56 88 26 92 422.41
20 64 65 33 66 3 99 9 42 10 43 44 45 15 20 21 55 56 88 26 92 198.77
21 64 65 33 66 3 99 39 9 42 10 43 44 76 45 15 20 21 55 88 26 92 1190.44
20 64 65 33 66 3 99 39 9 10 43 44 76 45 15 20 21 55 88 26 92 436.95
21 64 96 65 33 66 3 99 39 9 43 44 76 45 15 20 21 55 88 24 26 92 958.16
20 64 96 65 33 3 99 39 9 43 44 76 45 15 20 21 55 88 24 26 92 400.02
21 64 96 65 33 3 99 39 43 44 76 45 13 15 18 20 21 55 88 24 26 92 170.58
22 64 96 65 33 99 70 39 43 44 76 45 13 77 15 18 20 21 55 88 24 26 92 38.05
23 64 96 65 33 99 70 39 41 43 44 76 13 77 15 17 18 20 21 55 88 24 26 92 1127.55
22 64 96 65 33 70 39 41 43 44 76 13 77 15 17 18 20 21 55 88 24 26 92 538.00
21 64 96 65 33 70 39 41 44 76 13 77 15 17 18 20 21 55 88 24 26 92 243.55
20 64 96 65 33 70 39 41 44 76 13 77 15 17 18 21 55 88 24 26 92 769.61
21 64 96 65 33 70 39 41 44 13 77 15 48 17 18 21 55 88 24 89 26 92 369.25
22 64 96 65 33 97 98 70 39 41 44 77 15 48 17 18 21 55 88 24 89 26 92 16.04
23 64 96 65 33 97 98 70 39 41 11 44 77 15 48 17 18 84 21 55 88 24 89 26 470.77
24 64 96 33 97 98 70 39 41 11 44 77 15 79 48 17 18 84 21 55 88 24 89 26 93 1263.43
25 64 70 11 77 15 79 17 83 84 21 88 24 89 26 93 96 33 97 98 39 41 44 48 51 55 2682.36
24 64 96 33 97 98 70 39 41 11 44 77 15 79 48 17 83 51 84 21 55 88 89 26 93 611.10
25 64 70 11 77 15 79 17 83 84 88 89 26 93 96 33 97 98 39 41 44 48 51 55 57 60 573.18
24 64 96 97 98 70 39 41 11 44 77 15 79 48 17 83 51 84 55 88 89 57 26 60 93 253.18
23 64 96 97 98 70 39 41 11 44 77 15 79 48 17 83 51 84 55 88 57 26 60 93 95.14
22 64 96 97 98 70 39 41 11 44 77 15 79 48 17 83 51 84 55 88 57 60 93 138.93
21 64 96 97 98 70 39 11 44 77 15 79 48 17 83 51 84 55 88 57 60 93 1087.83
22 64 96 97 98 70 39 11 77 15 79 48 17 83 51 84 52 55 23 88 57 60 93 1821.65
21 64 96 97 98 70 39 11 77 15 79 48 17 83 51 84 52 23 88 57 60 93 820.20
22 64 96 97 98 70 39 11 77 15 48 16 17 83 51 84 52 23 88 57 60 93 31 331.87
21 64 96 97 98 70 39 11 77 15 48 16 17 83 51 84 52 23 88 60 93 31 535.44
22 64 96 97 98 70 39 8 11 77 48 16 17 83 51 84 52 23 88 58 60 93 31 617.61
21 64 96 97 98 70 39 8 11 48 16 17 83 51 84 52 23 88 58 60 93 31 551.61
22 64 96 32 97 98 70 39 8 11 47 48 16 17 83 51 84 52 23 58 60 93 31 45.12
21 64 96 32 97 98 39 8 11 47 48 16 17 83 51 84 52 23 58 60 93 31 285.29
20 64 96 32 97 98 39 8 11 47 48 16 17 83 51 84 23 58 60 93 31 1601.15
19 64 96 32 97 98 39 8 11 47 48 16 17 51 84 23 58 60 93 31 385.00
18 64 96 32 97 98 39 8 47 48 16 17 51 84 23 58 60 93 31 577.50
17 64 96 32 97 39 8 47 48 16 17 51 84 23 58 60 93 31 492.34
18 96 32 97 39 71 8 47 48 16 17 51 84 23 58 59 60 93 31 126.15
16 96 32 97 39 71 47 48 16 17 51 84 23 59 60 93 31 236.89
15 96 32 97 39 71 47 48 16 17 51 84 59 60 93 31 340.88
14 96 32 97 39 71 47 16 17 51 84 59 60 93 31 920.92
15 96 97 39 71 40 47 16 17 51 84 59 60 28 93 31 340.13
16 96 97 4 71 40 74 47 16 17 51 84 59 60 28 93 31 216.01
15 96 4 71 40 74 47 16 17 51 84 59 60 28 93 31 261.03
16 96 4 69 71 40 74 47 16 17 49 51 84 59 60 28 31 1604.76
17 96 4 69 71 40 74 47 17 49 82 51 84 25 59 60 28 31 826.71
18 96 1 4 69 71 40 74 47 17 82 51 84 25 59 60 28 94 31 2503.16
17 96 1 4 69 71 40 74 47 17 82 51 25 59 60 28 94 31 130.34
16 96 1 4 69 71 40 74 17 82 51 25 59 60 28 94 31 84.01
15 96 1 4 69 40 74 17 82 51 25 59 60 28 94 31 541.68
14 96 1 4 69 40 74 17 82 25 59 60 28 94 31 545.02
13 96 1 69 40 74 17 82 25 59 60 28 94 31 421.12
14 96 1 6 40 74 17 82 53 25 59 60 28 94 31 116.14
13 96 1 6 40 74 17 82 53 25 60 28 94 31 663.24
12 1 17 82 53 6 40 25 74 60 28 94 31 143.35
11 1 17 82 53 6 25 74 60 28 94 31 553.91
10 1 82 53 6 25 74 60 28 94 31 759.98
9 1 82 53 6 25 60 28 94 31 356.61
8 1 82 6 25 60 28 94 31 206.89
9 1 82 34 6 72 25 60 28 94 423.27
8 1 82 34 6 72 25 60 94 1001.15
7 82 34 6 72 25 60 94 54.28
6 82 34 72 25 60 94 115.28
5 82 34 72 25 94 172.14
5 0 82 72 25 94 71.00
4 0 82 72 25 1444.00
5 0 82 50 72 27 10.00
6 0 80 50 72 27 46 1229.95
5 0 80 72 27 46 76.00
4 0 80 27 46 999.00
3 0 80 27 14.00
2 0 80 752.00
2 80 54 2546.00
1 54 946.00
68444.02
65_XPY 25_COPY 1000_QR 10_COPY 50_XPY 200_SUM 1000_QR 20_XPY 200_SUM 20_XPY 20_XPY 1100_QR 40_COPY 20_XPY 25_COPY 650_SUM 65_XPY 55_COPY 200_SUM 500_SUM 55_COPY 650_SUM 1100_QR 50_XPY 50_XPY 1300_QR 55_COPY 1000_QR 650_SUM 350_SUM 1100_QR 1300_QR 10_COPY 1300_QR 200_SUM 500_SUM 650_SUM 200_SUM 1100_QR 1300_QR 65_XPY 50_XPY 1300_QR 1000_QR 1200_QR 55_COPY 1000_QR 1100_QR 650_SUM 20_XPY 200_SUM 1300_QR 200_SUM 200_SUM 50_XPY 650_SUM 50_XPY 200_SUM 200_SUM 500_SUM 55_COPY 65_XPY 1300_QR 650_SUM 1300_QR 40_COPY 500_SUM 65_XPY 20_XPY 350_SUM 1100_QR 1000_QR 65_XPY 650_SUM 1100_QR 65_XPY 10_COPY 1100_QR 350_SUM 50_XPY 40_COPY 35_XPY 1300_QR 65_XPY 40_COPY 55_COPY 1100_QR 20_XPY 40_COPY 35_XPY 65_XPY 1300_QR 1100_QR 1200_QR 650_SUM 20_XPY 55_COPY 1200_QR 1100_QR 35_XPY 