83
34 85 65 44 1 2 81 88 90 24 49 71 23 30 48 54 4 17 83 9 51 56 69 37 91 14 63 52 25 47 19 59 72 94 96 4584.88
34 65 2 4 69 6 71 72 9 14 81 17 83 19 85 23 88 24 25 90 91 30 94 96 37 47 48 49 51 52 53 54 56 59 63 2292.44
32 2 4 69 6 71 72 9 14 81 17 83 19 23 88 24 25 90 91 30 94 96 37 47 48 49 51 52 53 54 56 59 63 1069.84
36 2 4 69 5 6 70 71 72 9 12 14 78 81 17 83 23 88 24 25 90 91 29 30 36 37 42 47 48 49 51 52 53 54 56 61 63 359.04
35 2 4 69 5 6 70 71 9 12 14 78 81 17 83 23 88 24 25 90 91 29 30 36 37 42 47 48 49 51 52 53 54 56 61 63 132.24
34 2 4 69 5 6 70 71 9 12 14 78 81 17 83 23 88 24 25 90 91 29 30 36 37 42 47 48 51 52 53 54 56 61 63 45.24
32 2 4 69 5 6 70 71 9 12 14 78 17 83 23 88 25 90 91 29 30 36 37 42 47 48 51 52 53 54 56 61 63 17.40
32 4 69 5 6 70 71 9 12 14 78 79 17 83 23 88 25 90 91 29 30 36 37 42 47 48 51 52 53 54 56 61 63 858.17
31 4 69 5 6 70 71 9 12 14 78 79 17 83 23 88 25 90 91 29 30 36 37 42 47 48 51 52 54 56 61 63 59.51
36 68 69 5 6 70 71 9 74 12 14 78 79 23 87 88 25 90 91 29 30 36 37 42 43 45 47 48 51 52 54 55 56 57 61 62 63 4734.21
36 68 69 5 6 70 9 74 12 14 78 79 23 87 88 25 90 91 29 30 99 36 37 42 43 45 47 48 51 52 54 55 56 57 61 62 63 358.20
38 68 69 5 6 70 9 74 12 14 78 79 23 87 88 25 90 91 27 29 30 99 36 37 42 43 45 46 47 48 50 51 54 55 56 57 61 62 63 413.60
37 68 69 5 6 70 9 74 12 14 78 79 23 87 88 25 90 26 91 27 29 30 99 36 37 42 43 45 46 47 50 51 55 56 57 61 62 63 1057.71
35 68 69 5 6 70 9 74 12 14 79 23 87 88 25 90 26 91 27 30 99 36 37 42 43 45 46 47 50 51 55 56 57 61 62 63 323.10
35 68 69 5 6 70 9 74 75 12 14 79 23 87 88 25 90 26 91 27 30 99 36 37 42 43 45 46 47 50 51 56 57 61 62 63 1064.49
34 68 69 5 6 70 9 74 75 12 14 79 23 87 88 25 90 26 91 27 30 99 36 37 42 43 45 46 47 50 51 56 57 62 63 1417.24
35 64 3 68 69 5 6 70 9 74 75 12 14 79 23 87 88 25 90 26 91 27 99 36 37 42 43 45 46 47 50 51 56 57 62 63 39.67
34 64 3 68 69 5 6 70 9 74 75 12 14 79 23 87 88 25 90 26 91 27 99 36 37 42 43 45 46 47 50 51 56 62 63 436.35
33 64 3 68 69 5 6 70 9 74 75 12 14 79 87 88 25 90 26 91 27 99 36 37 42 43 45 46 47 50 51 56 62 63 466.33
32 64 3 68 69 5 6 70 9 74 75 14 79 87 88 25 90 26 91 27 99 36 37 42 43 45 46 47 50 51 56 62 63 1925.01
38 64 3 68 5 6 70 7 8 74 75 76 13 14 79 15 16 18 87 25 90 26 91 27 92 97 99 36 37 39 42 43 45 46 47 50 58 62 63 174.26
37 64 3 68 5 6 70 7 8 74 75 76 13 14 79 15 16 18 87 25 90 26 91 27 92 97 99 37 39 42 43 45 46 47 50 58 62 63 964.19
36 64 3 68 5 6 70 7 8 74 75 76 13 14 79 15 16 18 87 25 26 91 27 92 97 99 37 39 42 43 45 46 47 50 58 62 63 245.57
35 64 3 68 5 6 70 7 8 74 75 76 13 14 79 15 16 18 87 25 26 91 27 92 97 99 37 39 43 45 46 47 50 58 62 63 58.16
35 64 3 68 5 6 7 8 74 75 76 13 77 14 79 15 16 18 87 25 26 91 27 92 97 99 37 39 43 45 46 47 50 58 62 63 1389.82
34 3 68 5 6 7 8 74 75 76 13 77 14 79 15 16 18 87 25 26 91 27 92 97 99 37 39 43 45 46 47 50 58 62 63 1011.67
33 3 68 5 6 7 8 74 75 76 13 77 14 79 15 16 18 87 25 26 91 27 92 97 99 37 39 45 46 47 50 58 62 63 341.05
32 3 68 5 6 7 8 74 75 76 13 77 14 79 15 16 18 87 25 91 27 92 97 99 37 39 45 46 47 50 58 62 63 80.02
35 3 68 5 6 7 8 74 75 11 76 13 77 14 79 15 16 18 84 87 25 91 27 92 28 97 99 37 39 40 45 46 50 58 62 63 155.20
35 3 68 5 6 7 8 74 75 11 76 13 77 14 79 15 16 18 82 84 87 91 27 92 28 97 99 37 39 40 45 46 50 58 62 63 2627.51
34 3 68 5 6 7 8 74 75 11 76 13 77 14 79 15 16 18 82 84 20 87 27 92 28 97 99 39 40 45 46 50 58 62 63 479.62
34 3 68 5 6 7 8 74 75 11 76 13 77 14 15 16 18 82 84 20 87 27 92 28 93 97 99 39 40 45 46 50 58 62 63 411.11
33 3 68 5 6 7 8 74 75 11 76 13 77 14 15 16 18 82 84 20 27 92 28 93 97 99 39 40 45 46 50 58 62 63 218.33
32 3 68 5 6 7 8 74 75 11 13 77 14 15 16 18 82 84 20 27 92 28 93 97 99 39 40 45 46 50 58 62 63 138.28
31 3 68 5 6 7 74 75 11 13 77 14 15 16 18 82 84 20 27 92 28 93 97 99 39 40 45 46 50 58 62 63 1129.61
29 3 5 6 7 74 75 11 13 77 14 15 16 18 82 84 20 27 92 28 93 97 99 39 40 45 46 50 58 63 980.89
28 3 5 6 7 74 75 11 13 77 14 15 16 18 82 84 20 27 92 28 93 97 99 39 40 45 50 58 63 441.97
27 3 5 6 7 74 75 11 13 77 14 15 18 82 84 20 27 92 28 93 97 99 39 40 45 50 58 63 249.65
27 3 5 7 74 75 11 13 77 14 15 18 82 84 20 89 27 92 28 93 97 99 39 40 45 50 58 63 487.42
26 3 7 74 75 11 13 77 14 15 18 82 84 20 89 27 92 28 93 97 99 39 40 45 50 58 63 1664.33
25 3 7 74 75 11 13 77 14 15 18 82 84 20 89 27 92 28 93 97 99 39 40 45 58 63 562.23
24 32 97 3 99 7 39 40 74 75 11 13 77 45 14 15 82 84 20 89 58 27 28 93 63 111.48
23 32 97 3 99 7 39 40 74 75 11 77 45 14 15 82 84 20 89 58 27 28 93 63 544.76
23 32 97 3 99 7 39 40 74 75 11 77 45 14 15 80 82 84 20 89 58 28 93 63 254.96
23 32 97 3 99 7 39 40 75 11 77 45 14 15 80 82 84 20 89 58 28 60 93 63 39.68
25 66 3 7 75 11 77 14 15 80 82 84 20 89 28 93 95 32 97 99 38 39 40 45 58 60 66.14
26 66 3 67 7 75 11 77 15 80 82 84 20 22 89 28 93 95 32 97 99 38 39 40 45 58 60 647.30
25 66 3 67 7 75 11 77 15 80 82 84 20 22 89 28 95 32 97 99 38 39 40 45 58 60 1531.60
24 32 97 66 3 67 99 38 7 39 40 75 11 77 45 15 80 82 84 20 22 89 58 60 95 313.58
23 32 97 66 3 67 99 38 7 39 40 75 11 77 45 15 80 82 84 20 22 89 60 95 857.37
22 32 97 66 3 67 99 38 7 39 40 75 11 45 15 80 82 84 20 22 89 60 95 431.12
21 32 66 3 67 99 38 7 39 40 75 11 45 15 80 82 84 20 22 89 60 95 1211.68
20 32 66 3 67 99 38 7 39 40 75 11 45 15 80 82 20 22 89 60 95 1215.31
20 32 66 67 99 38 7 39 40 10 75 11 45 15 80 82 20 22 89 60 95 32.08
19 32 66 67 99 38 7 39 10 75 11 45 15 80 82 20 22 89 60 95 2381.52
18 32 66 67 99 38 7 39 10 75 11 45 15 80 82 20 22 89 60 235.26
18 32 66 67 99 35 38 7 39 10 75 11 45 15 80 82 22 89 60 144.56
17 32 66 67 35 38 7 39 10 75 11 45 15 80 82 22 89 60 881.74
17 32 66 67 35 38 7 39 10 75 45 15 80 82 22 86 89 60 113.90
16 32 66 67 35 38 7 39 10 45 15 80 82 22 86 89 60 1327.33
15 32 66 67 35 38 7 39 10 45 15 82 22 86 89 60 394.05
14 32 66 67 35 7 39 10 45 15 82 22 86 89 60 207.34
13 32 66 67 35 7 39 10 45 15 82 22 86 60 476.73
13 32 66 67 35 7 10 45 15 82 21 22 86 60 107.78
12 32 66 82 35 21 22 86 7 10 60 45 15 33.42
12 32 33 82 35 21 22 86 7 10 60 45 15 259.16
12 32 33 82 35 21 22 86 10 60 45 15 31 171.14
12 32 33 82 35 21 86 73 10 60 45 15 31 116.54
12 32 33 82 35 21 86 73 41 10 60 15 31 135.80
11 33 82 35 21 86 73 41 10 60 15 31 1499.07
10 33 82 35 21 86 73 41 10 15 31 498.00
9 33 82 35 86 73 41 10 15 31 99.46
8 33 82 35 86 73 41 10 15 153.61
7 33 82 35 73 41 10 15 174.00
6 33 82 35 41 10 15 87.34
5 33 82 35 41 15 403.00
5 33 82 98 35 41 572.00
5 33 98 34 35 41 169.94
5 0 33 98 34 41 679.00
4 0 33 34 41 272.00
3 33 34 41 221.00
2 33 41 310.00
1 41 216.00
55063.34
200_SUM 20_XPY 35_XPY 1200_QR 10_COPY 650_SUM 1200_QR 40_COPY 200_SUM 1100_QR 25_COPY 1200_QR 35_XPY 1000_QR 1300_QR 55_COPY 35_XPY 10_COPY 1000_QR 200_SUM 25_COPY 35_XPY 25_COPY 65_XPY 35_XPY 650_SUM 35_XPY 25_COPY 1000_QR 200_SUM 65_XPY 200_SUM 650_SUM 1200_QR 20_XPY 650_SUM 350_SUM 1200_QR 500_SUM 1300_QR 1100_QR 1200_QR 1000_QR 50_XPY 20_XPY 55_COPY 65_XPY 650_SUM 1000_QR 35_XPY 1100_QR 1100_QR 350_SUM 20_XPY 1000_QR 20_XPY 1100_QR 10_COPY 500_SUM 200_SUM 1200_QR 10_COPY 1100_QR 1300_QR 20_XPY 20_XPY 1100_QR 1100_QR 1100_QR 1100_QR 1000_QR 50_XPY 200_SUM 35_XPY 1200_QR 1300_QR 200_SUM 65_XPY 200_SUM 65_XPY 500_SUM 35_XPY 55_COPY 10_COPY 65_XPY 20_XPY 1000_QR 65_XPY 1100_QR 650_SUM 25_COPY 1200_QR 1000_QR 35_XPY 200_SUM 350_SUM 200_SUM 1100_QR 10_COPY 40_COPY 