43
13 21 15 23 48 2 25 46 37 11 24 27 34 20 1964.95
14 2 34 37 42 11 46 15 48 20 23 24 25 27 29 1597.37
15 2 34 37 42 11 13 46 48 18 20 23 24 25 27 29 2064.31
15 2 34 37 42 11 13 46 48 18 20 24 25 26 27 29 479.15
18 2 37 38 42 43 44 12 13 45 46 48 16 18 20 25 26 28 29 1514.60
19 36 37 38 42 43 44 12 13 45 46 48 16 18 20 25 26 28 29 31 257.86
18 36 37 38 42 43 44 12 13 45 46 48 16 20 25 26 28 29 31 136.31
18 36 37 38 8 42 43 44 12 13 45 46 16 20 25 26 28 29 31 845.18
17 36 37 38 8 42 44 12 13 46 16 17 20 25 26 28 29 31 1118.45
16 36 38 8 42 44 12 13 46 16 17 20 25 26 28 29 31 454.15
16 36 38 8 9 42 44 12 13 46 16 17 20 25 28 29 31 2166.20
15 36 38 8 9 42 44 12 13 46 16 17 20 25 28 31 861.35
17 33 36 4 6 8 9 41 42 44 12 13 46 16 17 20 25 31 832.56
19 33 3 4 6 8 40 9 41 42 44 12 13 46 16 17 19 20 25 30 1234.32
18 33 3 4 6 8 40 9 41 42 44 12 13 46 16 19 20 25 30 1743.96
17 33 3 4 6 40 9 41 42 44 12 13 46 16 19 20 25 30 164.85
18 32 33 3 4 6 7 40 9 41 42 44 12 13 46 16 19 20 30 209.43
19 32 33 3 35 4 6 7 40 9 41 42 44 12 13 46 14 16 19 30 296.73
18 32 33 3 35 4 6 7 40 9 41 42 44 12 13 14 16 19 30 479.35
17 32 33 3 35 6 7 40 9 41 42 44 12 13 14 16 19 30 601.40
16 32 33 3 35 6 7 40 9 41 42 44 13 14 16 19 30 530.11
15 32 33 3 35 6 7 40 41 42 44 13 14 16 19 30 755.84
15 32 33 3 35 5 6 7 40 41 44 13 14 16 19 30 1000.99
14 32 33 3 35 5 6 7 41 44 13 14 16 19 30 90.97
14 32 33 3 5 6 7 41 44 13 14 16 19 22 30 257.58
13 32 33 5 6 7 41 44 13 14 16 19 22 30 682.04
12 32 16 33 19 5 6 22 7 41 44 14 30 551.75
11 32 16 33 19 5 6 22 7 41 44 14 454.78
12 32 16 33 49 19 5 6 22 39 41 44 14 6.45
12 32 16 33 49 5 6 22 39 41 10 44 14 145.38
10 32 16 49 5 6 22 39 10 44 14 357.13
9 32 16 49 5 6 22 39 10 14 1779.18
8 32 16 49 5 6 22 39 10 1304.96
7 32 49 5 6 22 39 10 242.34
6 32 5 6 22 39 10 293.64
5 32 5 22 39 10 184.00
5 32 0 5 39 10 750.00
4 32 0 5 39 1005.00
3 32 0 39 1002.00
2 32 0 127.00
1 0 1711.00
2 1 47 1496.00
1 1 1281.00
35031.61
65_XPY 650_SUM 65_XPY 1000_QR 10_COPY 1300_QR 40_COPY 50_XPY 65_XPY 65_XPY 25_COPY 1000_QR 650_SUM 40_COPY 1100_QR 35_XPY 55_COPY 350_SUM 10_COPY 500_SUM 1300_QR 20_XPY 25_COPY 50_XPY 1000_QR 40_COPY 35_XPY 1000_QR 1000_QR 25_COPY 65_XPY 350_SUM 55_COPY 1100_QR 1000_QR 200_SUM 350_SUM 25_COPY 1000_QR 1300_QR 50_XPY 1100_QR 1300_QR 20_XPY 1300_QR 20_XPY 40_COPY 350_SUM 65_XPY 1000_QR 