85
7 1 15 56 81 42 9 29 2388.00
19 4 6 9 42 74 46 15 48 81 50 52 53 23 56 89 57 27 60 29 1772.01
21 4 5 6 9 42 74 46 15 48 81 50 52 53 23 56 89 57 26 27 60 61 1225.71
20 4 5 9 42 74 46 15 48 81 50 52 53 23 56 89 57 26 27 60 61 2642.05
19 4 5 9 42 74 46 15 48 81 50 52 53 56 89 57 26 27 60 61 721.21
19 4 5 9 74 46 78 15 48 81 50 52 53 56 89 57 26 27 60 61 1350.80
18 4 5 9 74 46 78 15 81 50 52 53 56 89 57 26 27 60 61 183.94
17 4 5 9 74 46 78 15 81 50 52 53 56 89 57 26 60 61 872.43
14 4 5 9 46 78 15 81 52 53 56 89 57 26 61 743.63
39 64 66 67 3 4 5 70 71 9 73 10 77 78 14 15 19 20 22 24 89 26 90 30 95 96 33 99 35 36 37 38 46 52 53 56 57 59 61 63 2719.64
38 64 66 67 3 5 70 71 9 73 10 77 78 14 15 19 20 22 24 89 26 90 30 95 96 33 99 35 36 37 38 46 52 53 56 57 59 61 63 4101.00
37 64 66 67 3 5 70 71 9 73 10 77 78 14 15 19 20 22 24 89 26 90 30 95 96 33 99 35 36 37 38 46 52 56 57 59 61 63 61.54
36 64 66 67 3 5 70 71 9 10 77 78 14 15 19 20 22 24 89 26 90 30 95 96 33 99 35 36 37 38 46 52 56 57 59 61 63 989.24
34 64 66 67 3 70 71 9 10 77 78 14 15 19 20 22 24 89 90 30 95 96 33 99 35 36 37 38 46 52 56 57 59 61 63 446.37
32 66 67 3 70 71 9 10 77 78 14 15 19 20 22 24 89 90 30 95 96 33 99 35 36 37 46 52 56 57 59 61 63 349.20
30 66 67 3 70 71 9 10 77 78 14 15 19 20 22 24 89 90 30 95 96 33 99 35 36 37 46 56 59 61 63 659.01
29 66 67 3 70 71 9 10 77 14 15 19 20 22 24 89 90 30 95 96 33 99 35 36 37 46 56 59 61 63 85.95
28 66 67 3 71 9 10 77 14 15 19 20 22 24 89 90 30 95 96 33 99 35 36 37 46 56 59 61 63 342.38
40 66 67 3 69 71 7 72 9 10 76 77 14 15 16 82 19 20 21 22 24 89 25 90 30 95 31 96 33 34 99 35 36 37 39 44 46 49 59 61 63 970.07
40 66 67 3 69 71 7 72 10 76 77 14 15 16 82 19 20 21 85 22 24 89 25 90 30 95 31 96 33 34 99 35 36 37 39 44 46 49 59 61 63 760.84
40 66 67 3 69 71 7 72 10 76 77 14 16 82 19 20 21 85 22 24 89 25 90 30 95 31 96 33 34 99 35 36 37 39 44 45 46 49 59 61 63 113.32
40 66 67 3 69 71 7 72 10 76 77 14 16 82 19 20 21 85 22 24 88 25 90 30 95 31 96 33 34 99 35 36 37 39 44 45 46 49 59 61 63 187.93
40 66 67 3 69 71 7 72 76 77 14 16 82 19 20 21 85 22 24 88 25 90 30 95 31 96 33 34 98 99 35 36 37 39 44 45 46 49 59 61 63 2391.20
40 66 67 3 69 71 7 72 11 76 77 14 16 82 19 83 20 21 85 22 88 25 90 95 31 96 33 34 98 99 35 36 37 39 44 45 46 49 59 61 63 382.44
40 66 67 3 69 71 7 72 11 76 77 13 14 16 82 19 83 20 21 85 22 88 25 90 95 31 96 33 34 98 99 35 36 37 39 44 45 46 49 59 63 252.04
40 66 67 3 69 71 7 72 11 76 77 13 14 16 82 19 83 20 21 85 22 88 25 90 95 31 96 33 34 98 35 36 37 39 43 44 45 46 49 59 63 1830.87
40 66 67 3 69 71 7 72 11 76 77 13 14 16 17 82 19 83 20 85 22 88 25 90 95 31 96 33 34 98 35 36 37 39 43 44 45 46 49 59 63 555.77
40 66 67 3 69 71 7 72 11 76 77 13 14 16 17 82 19 83 20 85 22 88 25 92 95 31 96 33 34 98 35 36 37 39 43 44 45 46 49 59 63 550.37
40 66 67 3 69 71 7 72 11 75 76 77 13 16 17 82 19 83 20 85 22 88 25 92 95 31 96 33 34 98 35 36 37 39 43 44 45 46 49 59 63 224.42
40 67 3 69 71 7 72 11 75 76 77 13 16 17 82 19 83 20 84 85 22 88 25 92 95 31 96 33 34 98 35 36 37 39 43 44 45 46 49 59 63 405.15
40 67 3 69 71 7 72 11 75 76 77 13 16 17 82 19 83 20 84 85 22 88 25 92 95 31 96 33 97 34 98 35 36 37 39 43 44 46 49 59 63 112.83
40 67 3 69 71 7 72 11 75 76 77 13 16 17 82 19 83 20 84 85 22 25 92 28 95 31 96 33 97 34 98 35 36 37 39 43 44 46 49 59 63 184.63
40 67 3 69 71 7 72 11 75 76 77 13 16 17 82 19 83 20 84 85 22 25 91 92 28 95 31 96 33 97 34 35 36 37 39 43 44 46 49 59 63 509.10
40 67 3 69 71 7 72 8 11 75 76 77 13 17 82 19 83 20 84 85 22 25 91 92 28 95 31 96 33 97 34 35 36 37 39 43 44 46 49 59 63 1308.02
40 67 3 69 71 7 72 8 11 75 76 77 13 17 82 19 83 20 84 85 22 25 91 92 28 95 31 96 32 33 97 34 35 36 37 39 43 44 49 59 63 1029.35
40 67 3 69 71 7 72 8 11 75 76 77 13 79 17 82 19 83 20 84 85 22 86 25 91 92 28 95 31 96 32 33 97 34 37 39 43 44 49 59 62 1706.99
40 67 3 69 71 7 72 8 11 75 76 77 13 79 17 82 19 83 20 84 22 86 25 91 92 28 95 31 96 32 33 97 34 37 39 43 44 49 58 59 62 773.53
40 65 3 69 71 7 72 8 11 75 76 77 13 79 17 82 19 83 20 84 22 86 87 25 91 92 28 95 31 96 32 97 34 37 39 43 44 49 58 59 62 1298.96
40 65 3 69 71 7 72 8 11 75 76 77 13 79 17 82 19 83 20 84 22 86 87 25 91 92 28 95 31 96 32 97 37 39 43 44 49 51 58 59 62 865.97
40 65 3 69 71 7 72 8 11 75 76 77 13 79 80 17 82 19 83 20 84 22 86 87 91 92 28 95 31 96 32 97 37 39 43 44 49 51 58 59 62 129.25
40 65 3 69 71 7 72 8 11 75 77 13 79 80 17 82 19 83 20 84 22 86 87 91 92 28 95 31 96 32 97 37 39 40 43 44 49 51 58 59 62 310.40
40 65 3 68 69 71 7 72 8 11 75 77 13 79 80 17 82 83 20 84 22 86 87 91 92 28 95 31 32 97 37 39 40 41 43 44 49 51 58 59 62 83.52
40 65 3 68 69 71 7 72 8 75 77 13 79 80 17 82 18 20 84 22 86 87 91 92 28 95 31 32 97 37 39 40 41 43 44 49 51 55 58 59 62 48.50
40 65 2 3 68 69 7 72 8 75 77 13 79 80 17 82 18 20 84 22 86 87 91 92 28 95 31 32 97 37 39 40 41 43 44 49 51 55 58 59 62 115.70
40 65 2 3 68 69 7 72 8 75 13 79 80 17 82 18 20 84 22 86 87 91 92 28 95 31 32 97 37 39 40 41 43 44 47 49 51 55 58 59 62 1501.43
38 65 2 68 69 7 72 8 75 13 79 80 17 82 18 20 84 86 87 91 92 28 95 31 32 97 37 39 40 41 43 44 47 49 51 55 58 59 62 112.21
37 65 2 68 69 7 72 8 75 13 79 80 17 82 18 20 84 86 87 91 92 28 95 31 32 97 37 39 40 41 43 47 49 51 55 58 59 62 2080.86
36 65 2 68 69 7 72 8 75 13 79 80 17 18 20 84 86 87 91 92 28 95 31 32 97 37 39 40 41 43 47 49 51 55 58 59 62 882.30
35 65 2 68 69 7 72 8 75 13 79 80 17 18 20 84 86 87 91 92 28 95 31 32 97 37 40 41 43 47 49 51 55 58 59 62 1236.39
34 65 2 68 69 7 72 8 75 13 79 80 17 18 20 84 86 87 91 92 28 95 31 32 97 37 40 41 43 47 49 51 55 59 62 598.46
33 65 2 68 69 7 72 8 75 79 80 17 18 20 84 86 87 91 92 28 95 31 32 97 37 40 41 43 47 49 51 55 59 62 170.99
31 65 2 68 69 7 72 8 75 79 80 17 18 20 84 86 91 92 28 95 31 32 97 37 40 41 47 49 51 55 59 62 1182.73
30 65 2 68 69 7 72 8 75 79 80 17 18 20 84 86 91 92 28 95 31 32 97 37 40 41 47 51 55 59 62 1396.80
28 65 2 68 72 8 75 79 80 17 18 20 84 86 91 92 28 95 31 32 97 37 40 41 47 51 55 59 62 329.59
27 65 2 68 72 8 75 79 80 17 18 20 84 86 91 92 28 95 31 32 97 37 40 41 47 51 55 59 378.05
26 65 2 68 72 8 75 79 80 17 18 20 84 91 92 28 95 31 32 97 37 40 41 47 51 55 59 38.77
25 65 2 68 72 8 75 80 17 18 20 84 91 92 28 95 31 32 97 37 40 41 47 51 55 59 1263.08
24 32 65 97 2 68 37 8 40 41 75 47 80 17 18 51 20 84 55 91 59 92 28 95 31 124.41
23 32 65 97 2 68 37 8 40 41 75 47 80 18 51 20 84 55 91 59 92 28 95 31 275.87
22 32 65 97 2 68 37 8 40 41 75 47 80 18 51 20 84 55 91 59 28 95 31 621.52
21 32 65 97 2 68 37 8 40 41 75 47 80 51 20 84 55 91 59 28 95 31 1932.23
20 32 65 97 2 68 37 40 41 75 47 80 51 20 84 55 91 59 28 95 31 755.92
19 65 97 2 68 37 40 41 75 47 80 51 20 84 55 91 59 28 95 31 327.16
18 65 97 2 68 37 40 41 75 47 80 51 20 84 55 91 28 95 31 197.18
17 97 2 68 37 40 41 75 47 80 51 20 84 55 91 28 95 31 60.23
16 97 2 68 37 40 41 75 47 80 51 20 84 55 91 28 31 174.36
15 97 2 68 40 41 75 47 80 51 20 84 55 91 28 31 49.77
14 97 2 68 40 75 47 80 51 20 84 55 91 28 31 16.59
13 97 2 68 40 75 47 80 51 20 84 91 28 31 73.37
13 97 2 68 40 75 12 47 80 51 84 91 28 31 556.64
13 97 2 68 40 75 12 47 80 51 84 91 28 94 1753.27
12 80 97 51 68 84 40 75 91 12 28 94 47 16.17
11 80 97 51 68 84 40 75 91 12 28 94 436.74
10 80 97 68 84 40 75 91 12 28 94 259.21
9 97 68 84 40 75 91 12 28 94 1436.95
7 68 40 75 91 12 28 94 61.14
6 68 40 91 12 28 94 586.65
6 0 68 91 12 28 94 155.54
5 0 91 12 28 94 250.00
4 0 91 28 94 627.00
3 0 91 28 124.00
2 0 91 61.00
2 0 93 2298.00
2 54 93 2297.00
1 54 1195.00
66649.86
25_COPY 35_XPY 650_SUM 1200_QR 500_SUM 1100_QR 20_XPY 650_SUM 25_COPY 40_COPY 35_XPY 35_XPY 65_XPY 50_XPY 50_XPY 40_COPY 10_COPY 65_XPY 350_SUM 650_SUM 40_COPY 20_XPY 1200_QR 10_COPY 350_SUM 1000_QR 1100_QR 350_SUM 55_COPY 1000_QR 350_SUM 1300_QR 25_COPY 65_XPY 1000_QR 1100_QR 1100_QR 40_COPY 200_SUM 1100_QR 1300_QR 500_SUM 25_COPY 50_XPY 50_XPY 20_XPY 1300_QR 650_SUM 50_XPY 25_COPY 1000_QR 1200_QR 650_SUM 25_COPY 50_XPY 500_SUM 40_COPY 650_SUM 10_COPY 40_COPY 1000_QR 1200_QR 1000_QR 1100_QR 200_SUM 1100_QR 50_XPY 65_XPY 1300_QR 650_SUM 10_COPY 650_SUM 25_COPY 20_XPY 1000_QR 40_COPY 1000_QR 25_COPY 50_XPY 1000_QR 1200_QR 1200_QR 500_SUM 35_XPY 40_COPY 35_XPY 1000_QR 10_COPY 20_XPY 1200_QR 1000_QR 55_COPY 65_XPY 65_XPY 25_COPY 40_COPY 650_SUM 40_COPY 20_XPY 1000_QR 