134
40 184 183 177 169 165 115 101 86 77 70 12 20 29 34 52 55 61 65 14 30 48 53 83 96 106 123 127 137 150 175 182 192 1 93 120 139 149 153 156 157 6877.32
40 192 64 1 2 3 195 134 137 139 11 14 83 19 149 150 88 153 156 93 157 30 96 100 102 167 40 104 106 172 44 175 47 48 53 182 120 185 123 127 63 2150.70
40 64 1 2 66 3 195 69 134 139 11 141 13 14 142 78 15 19 149 88 153 156 28 93 157 30 97 100 102 167 40 104 172 44 108 174 47 120 185 125 63 3440.08
40 64 1 2 66 3 195 69 134 139 11 141 13 142 78 15 19 148 149 151 88 153 156 28 93 157 97 100 102 167 40 104 172 44 108 174 47 120 185 125 63 1688.50
40 64 1 2 66 3 195 69 134 139 11 141 13 142 78 15 19 148 149 151 88 152 153 156 28 93 97 100 102 167 40 104 170 172 44 108 174 47 185 125 63 1074.01
40 64 2 66 3 195 4 69 134 9 11 141 13 142 78 15 19 148 151 88 152 28 97 100 102 167 40 104 170 171 172 44 108 174 47 176 181 185 125 190 63 9244.00
40 64 2 66 3 195 4 69 134 9 11 141 13 142 78 15 16 19 148 151 88 152 28 97 100 102 40 104 170 171 172 44 108 174 47 176 181 185 125 190 63 6199.06
40 66 67 4 69 134 9 11 141 13 142 78 15 16 19 148 84 151 23 152 91 28 32 97 100 102 40 104 41 170 171 44 108 173 174 176 181 124 125 190 63 7089.97
40 66 67 69 5 134 198 11 141 13 142 78 15 16 19 148 84 151 23 152 91 28 32 97 100 102 40 104 41 170 171 44 108 173 174 176 181 124 125 190 63 9243.32
40 66 67 69 5 134 198 11 141 13 142 78 15 19 148 84 22 151 23 152 91 28 32 97 100 102 40 104 41 170 171 44 108 173 174 176 181 124 125 190 63 4517.49
40 66 67 69 5 134 198 11 141 13 142 78 15 19 148 84 22 151 23 152 26 91 28 32 97 100 102 40 104 41 170 171 44 108 173 174 176 181 124 125 190 1130.93
40 66 67 69 134 198 11 141 13 142 78 15 19 148 84 22 151 23 152 26 91 28 32 97 33 100 102 40 104 41 170 171 44 108 173 174 176 181 124 125 190 559.23
40 66 130 69 134 198 72 138 11 140 141 13 142 78 15 19 148 22 151 152 26 28 95 97 33 35 100 102 40 104 170 171 44 108 174 176 181 122 60 125 190 2948.26
40 66 130 69 134 198 72 138 11 140 141 13 142 78 15 18 19 148 22 151 152 26 155 28 95 97 33 162 35 163 166 170 171 108 174 176 181 122 60 125 190 542.10
40 66 130 69 134 198 72 138 11 140 141 13 142 78 15 18 148 22 151 152 26 155 27 28 95 97 33 162 35 163 166 170 171 108 174 176 181 122 60 125 190 846.43
40 66 130 69 134 198 72 138 140 141 13 142 78 15 18 148 22 151 152 26 155 27 28 95 97 33 162 35 163 166 170 171 108 174 176 49 181 122 60 125 190 627.90
40 66 130 69 134 198 71 72 138 140 141 13 142 78 15 18 148 22 151 152 26 155 27 28 95 97 33 162 35 163 166 170 171 108 174 176 49 181 122 60 190 704.01
40 66 130 69 134 198 71 72 138 140 76 141 13 142 78 15 18 148 22 151 152 26 155 27 28 95 33 162 35 163 99 166 170 171 174 176 49 181 122 60 190 389.93
40 66 130 69 198 71 72 138 140 76 141 13 142 78 15 18 148 22 151 152 26 155 27 28 95 33 162 35 163 99 166 170 171 109 174 176 49 181 122 60 190 114.13
40 66 130 69 198 71 72 136 138 140 76 141 13 142 78 15 18 148 22 151 152 26 155 27 28 95 33 162 35 163 99 166 170 171 109 176 49 181 122 60 190 542.10
40 66 130 69 198 71 72 136 138 140 76 141 13 78 15 18 148 22 151 152 26 155 27 28 95 160 33 162 35 163 99 166 170 171 109 176 49 181 122 60 190 846.43
40 66 130 69 198 71 72 136 73 138 140 76 13 78 15 18 148 22 151 152 26 155 27 28 95 160 33 162 35 163 99 166 170 171 109 176 49 181 122 60 190 289.26
40 66 130 69 71 72 136 73 138 74 140 76 13 78 15 18 148 22 151 152 26 155 27 28 95 160 33 162 35 163 99 166 170 171 109 176 49 181 122 60 190 190.27
40 66 130 69 71 72 136 73 138 74 140 76 13 78 15 18 148 85 22 151 152 26 155 27 95 160 33 162 35 163 99 166 170 171 109 176 49 181 122 60 190 1279.57
40 66 130 69 71 72 136 73 138 74 140 76 13 78 15 18 148 85 151 152 89 26 155 27 95 160 33 162 35 163 99 166 170 171 109 176 49 181 122 60 190 3061.23
40 66 130 69 71 72 136 73 138 74 140 76 13 78 15 148 85 151 152 89 26 155 27 95 160 33 162 98 35 163 99 166 170 171 109 176 49 181 122 60 190 535.55
40 66 130 69 71 72 136 73 138 74 140 76 13 78 15 148 85 151 152 89 26 155 95 160 33 162 98 35 163 99 166 170 171 107 109 176 49 181 122 60 190 494.71
40 66 130 69 71 72 136 73 138 74 140 76 13 78 15 148 85 151 152 89 26 155 95 160 33 162 98 35 163 99 166 171 107 109 176 49 114 181 122 60 190 363.65
40 66 130 69 71 72 136 73 138 74 140 76 13 78 15 148 85 151 152 89 26 155 95 160 33 162 98 35 163 99 166 171 107 109 176 114 116 181 122 60 190 228.33
40 66 130 69 71 72 136 73 138 74 140 76 13 78 15 148 85 151 152 89 26 155 95 160 33 162 98 35 163 99 166 171 107 109 176 114 116 181 119 122 60 396.70
40 66 130 69 72 136 73 138 74 140 76 13 78 15 144 148 85 151 152 89 26 155 95 160 33 162 98 35 163 99 166 171 107 109 176 114 116 181 119 122 60 352.01
40 66 130 69 72 136 73 138 74 140 76 13 78 15 144 148 85 151 152 89 26 155 95 160 33 162 98 35 163 99 164 166 171 107 109 176 114 116 119 122 60 155.10
40 66 130 69 72 136 73 138 74 140 76 13 78 15 144 148 85 151 152 89 26 155 95 160 162 98 35 163 99 164 166 171 107 109 176 114 178 116 119 122 60 51.70
40 66 130 69 72 136 73 138 74 140 76 13 78 15 144 148 85 151 152 89 26 155 95 160 162 98 35 163 99 164 166 171 107 109 176 114 178 116 180 119 186 76.11
40 193 66 130 69 72 136 73 138 74 140 76 13 78 15 144 148 85 151 152 89 26 155 95 160 162 98 35 163 99 164 166 107 109 114 178 116 180 119 186 191 48.47
40 193 66 130 194 69 72 136 73 138 74 140 76 13 78 15 144 148 85 151 152 89 26 155 95 160 162 98 163 99 164 166 107 109 114 178 116 180 119 186 191 33.06
40 193 66 130 194 69 199 72 136 73 138 74 140 76 13 78 15 144 148 85 151 152 89 26 155 95 160 162 98 163 164 166 107 109 114 178 116 180 119 186 191 19.84
40 193 66 130 194 69 199 72 136 8 73 138 74 140 13 78 15 144 148 85 151 152 89 26 155 95 160 162 98 163 164 166 107 109 114 178 116 180 119 186 191 363.65
40 193 66 130 194 69 199 72 136 8 73 138 74 140 13 78 15 144 148 85 151 152 89 26 155 95 160 162 98 163 164 166 107 114 178 50 116 180 119 186 191 416.54
40 193 66 130 194 69 199 72 8 73 138 74 140 13 78 15 144 148 85 151 152 89 26 155 95 160 162 98 163 164 166 107 114 178 50 51 116 180 119 186 191 106.63
40 193 66 130 194 69 199 72 8 73 138 74 140 13 78 15 144 148 85 151 152 89 155 95 160 162 98 163 164 166 107 114 178 50 51 116 180 119 57 186 191 644.64
40 193 66 130 194 69 199 72 8 73 138 74 140 13 78 15 144 148 85 151 152 89 155 95 162 98 163 164 166 107 114 178 50 51 116 180 119 57 186 58 191 1153.55
40 193 66 130 194 69 199 72 8 73 138 74 140 13 78 15 144 148 85 151 152 89 155 162 98 163 164 166 107 114 178 50 51 116 180 119 57 186 58 59 191 704.01
40 193 130 194 131 199 72 8 73 138 74 140 144 148 85 21 151 152 89 90 155 158 162 98 163 164 166 105 107 114 178 50 51 116 180 119 57 186 58 59 191 601.01
40 193 130 194 131 199 72 8 73 138 74 144 148 85 21 151 152 89 90 155 158 162 98 163 164 36 166 105 107 114 178 50 51 116 180 119 57 186 58 59 191 252.04
40 193 130 194 131 199 72 8 73 138 74 144 148 85 21 151 152 89 90 155 158 162 98 163 164 36 105 42 107 114 178 50 51 116 180 119 57 186 58 59 191 19.39
40 193 130 194 131 199 72 8 73 74 144 148 85 21 151 152 89 90 155 158 162 98 163 164 36 105 42 107 43 114 178 50 51 116 180 119 57 186 58 59 191 58.16
40 193 130 194 131 199 8 73 74 144 148 85 21 151 87 152 89 90 155 92 158 162 98 164 36 105 42 107 43 114 178 50 51 116 180 119 57 186 58 59 191 203.57
40 193 194 131 199 8 73 74 144 148 85 21 151 87 152 89 90 155 92 158 162 98 164 36 105 42 107 43 114 178 50 51 116 180 117 119 57 186 58 59 191 261.73
40 193 194 131 133 199 8 73 74 144 148 85 21 151 87 152 89 90 155 92 158 98 164 36 105 42 107 43 114 178 50 51 116 180 117 119 57 186 58 59 191 2985.66
40 193 194 131 133 199 135 8 73 74 144 148 85 21 151 87 152 89 90 92 158 98 164 36 105 42 107 43 114 178 50 51 116 180 117 119 57 186 58 59 191 799.15
40 193 194 131 133 199 135 8 73 74 144 85 21 87 152 89 90 154 92 158 161 98 164 36 105 42 107 43 114 178 50 51 116 180 117 119 57 186 58 59 191 2530.63
40 193 194 131 133 199 135 8 73 74 144 85 21 87 89 90 154 92 158 161 98 164 36 168 105 42 107 43 114 178 50 51 116 180 117 119 57 186 58 59 191 8722.71
40 193 194 131 133 199 135 8 74 144 85 21 87 89 90 154 92 158 161 98 164 36 168 105 42 107 43 114 178 50 51 116 180 117 119 57 186 58 59 189 191 80.21
40 193 194 131 133 199 135 7 8 144 85 21 87 89 90 154 92 158 161 98 164 36 168 105 42 107 43 114 178 50 51 116 180 117 119 57 186 58 59 189 191 280.73
40 193 194 131 133 199 135 7 8 144 21 87 89 25 90 154 92 158 161 98 164 36 168 105 42 107 43 114 178 50 51 116 180 117 119 57 186 58 59 189 191 1914.99
40 193 194 131 133 199 135 7 8 144 21 87 25 90 154 92 158 31 161 98 164 36 168 105 42 107 43 114 178 50 51 116 180 117 119 57 186 58 59 189 191 4581.93
40 193 194 131 133 199 135 7 8 144 21 87 25 90 154 92 158 31 161 164 36 38 168 105 42 107 43 114 178 50 51 116 180 117 119 57 186 58 59 189 191 380.99
40 193 194 131 133 199 135 7 8 144 21 87 25 90 154 92 158 31 161 164 36 38 39 168 105 42 43 114 178 50 51 116 180 117 119 57 186 58 59 189 191 731.91
40 193 194 131 133 199 135 7 8 144 21 87 25 90 154 92 158 31 161 164 36 38 39 168 105 42 43 45 178 50 51 116 180 117 119 57 186 58 59 189 191 250.65
40 193 194 131 133 199 135 7 8 144 80 21 87 25 90 154 92 158 31 161 164 36 38 39 168 105 42 43 45 178 50 51 116 180 117 119 57 186 58 59 189 260.68
40 193 194 131 133 199 135 7 8 144 80 81 21 87 25 90 154 92 158 31 161 164 36 38 39 168 105 42 43 45 178 50 51 180 117 119 57 186 58 59 189 40.10
40 193 194 131 133 199 135 7 8 144 80 81 21 87 25 90 154 92 158 94 31 161 164 36 38 39 168 105 42 43 45 178 50 51 180 117 119 57 58 59 189 80.21
40 193 194 131 133 199 135 7 8 144 80 81 21 87 25 90 154 92 158 94 31 161 164 36 38 39 103 168 105 42 43 45 178 50 51 180 117 57 58 59 189 1283.34
40 193 194 131 133 199 135 7 8 80 81 21 87 25 90 154 92 158 94 31 161 164 36 38 39 103 168 105 42 43 45 112 178 50 51 180 117 57 58 59 189 220.57
40 193 194 131 133 199 135 7 8 80 81 21 87 25 90 154 92 158 94 31 161 36 38 39 103 168 105 42 43 45 112 113 178 50 51 180 117 57 58 59 189 40.10
40 193 194 131 133 199 135 7 8 80 81 21 87 25 90 154 92 158 94 31 161 36 38 39 103 168 105 42 43 45 112 113 178 50 51 117 57 121 58 59 189 30.08
40 193 129 194 131 133 199 135 7 8 80 81 21 87 25 90 154 92 158 94 31 161 36 38 39 103 168 105 42 43 45 112 113 50 51 117 57 121 58 59 189 892.36
40 193 129 194 131 133 199 135 7 8 80 81 146 21 87 25 90 154 92 158 94 31 161 36 38 39 103 168 105 42 43 45 112 113 50 51 117 121 58 59 189 31.87
40 193 129 194 131 133 199 135 7 8 80 81 146 21 87 25 90 154 92 158 94 31 161 36 38 39 103 168 105 42 43 45 112 113 50 179 117 121 58 59 189 563.04
40 193 129 194 131 133 199 135 7 8 10 80 81 146 21 87 25 90 154 92 158 94 31 161 36 38 39 103 168 105 42 43 45 112 113 50 179 117 121 59 189 190.50
40 193 129 194 131 133 135 7 8 10 80 81 146 21 87 25 90 154 92 158 94 31 161 36 37 38 39 103 168 105 42 43 45 112 113 50 179 117 121 59 189 260.68
40 129 194 131 133 135 7 8 10 80 81 146 21 87 25 90 154 92 158 94 31 161 36 37 38 39 103 168 105 42 43 45 112 113 50 179 117 54 121 59 189 30.08
40 129 131 133 135 7 8 10 80 81 146 82 21 87 25 90 154 92 158 94 31 161 36 37 38 39 103 168 105 42 43 45 112 113 50 179 117 54 121 59 189 648.02
40 129 131 132 133 135 7 8 10 80 81 146 82 21 87 25 90 154 92 158 94 31 161 36 37 38 39 103 168 105 42 43 45 112 113 179 117 54 121 59 189 488.67
40 129 131 132 133 135 7 8 10 80 81 146 82 21 87 25 90 154 92 158 94 31 161 36 37 38 39 103 168 105 42 43 45 112 113 179 117 54 121 187 189 4461.81
40 129 131 132 196 133 135 7 10 80 81 146 82 21 87 25 90 154 92 158 94 31 161 36 37 38 39 103 168 105 42 43 45 112 113 179 117 54 121 187 189 520.54
40 129 131 132 196 133 197 135 7 10 80 81 146 82 21 87 25 90 154 92 158 94 31 161 36 37 38 39 103 168 42 43 45 112 113 179 117 54 121 187 189 138.10
40 129 131 132 196 133 197 135 7 10 80 81 146 82 21 87 25 90 154 92 94 31 161 36 37 38 39 103 168 42 43 45 46 112 113 179 117 54 121 187 189 42.49
40 129 131 132 196 133 197 135 7 10 80 81 146 82 21 87 25 154 92 94 31 161 36 37 38 39 103 168 42 43 45 46 112 113 179 117 54 121 187 189 62 4064.94
40 129 131 132 196 133 197 135 7 10 75 80 81 146 82 21 87 154 92 94 31 161 36 37 38 39 103 168 42 43 45 46 112 113 179 117 54 121 187 189 62 551.67
40 129 131 132 196 133 197 135 7 10 75 80 81 146 82 21 87 154 92 94 161 36 37 38 39 103 168 42 43 45 46 110 112 113 179 117 54 121 187 189 62 1019.84
40 129 132 196 133 197 135 7 10 75 80 81 146 82 21 87 154 92 94 161 36 37 38 39 103 168 42 43 45 46 110 111 112 113 179 117 54 121 187 189 62 609.74
40 129 132 196 133 197 135 10 75 80 81 146 82 21 87 154 92 94 161 36 37 38 39 103 168 42 43 45 46 110 111 112 113 179 117 54 118 121 187 189 62 1539.27
40 129 132 196 133 197 135 75 80 81 146 82 21 87 154 92 94 161 36 37 38 39 103 168 42 43 45 46 110 111 112 113 179 117 54 118 121 187 189 62 126 183.94
40 129 132 196 133 197 135 75 143 80 81 146 82 21 87 154 92 94 161 36 38 39 103 168 42 43 45 46 110 111 112 113 179 117 54 118 121 187 189 62 126 251.71
40 129 132 196 133 197 135 75 143 80 81 145 146 82 21 87 154 92 94 161 36 38 39 103 168 42 43 45 46 110 111 112 113 179 117 118 121 187 189 62 126 29.04
40 129 132 196 133 197 135 75 143 80 81 145 146 147 21 87 154 92 94 161 36 38 39 103 168 42 43 45 46 110 111 112 113 179 117 118 121 187 189 62 126 638.94
40 129 196 133 197 135 75 143 80 81 145 146 147 21 87 154 92 94 159 161 36 38 39 103 168 42 43 45 46 110 111 112 113 179 117 118 121 187 189 62 126 484.05
40 129 196 133 197 6 135 75 143 80 81 145 146 147 21 87 154 92 94 159 161 36 38 39 103 168 42 43 45 46 110 111 112 113 179 117 118 121 189 62 126 929.13
40 129 196 133 197 6 135 75 143 80 81 145 17 146 147 21 87 154 92 94 159 161 36 38 39 103 168 42 43 46 110 111 112 113 179 117 118 121 189 62 126 363.75
40 129 196 133 197 6 135 75 143 80 81 145 17 146 147 21 87 24 154 92 94 159 161 38 39 103 168 42 46 110 111 112 113 179 117 118 56 121 189 62 126 77.16
40 129 196 68 133 197 6 135 75 143 80 81 145 17 146 147 21 87 24 154 92 94 159 161 38 39 103 168 46 110 111 112 113 179 117 118 56 121 189 62 126 176.36
40 129 196 68 133 197 6 135 75 143 79 80 81 145 17 146 147 21 87 24 154 92 94 159 161 38 39 103 168 46 110 111 112 113 179 118 56 121 189 62 126 87.11
40 128 129 196 68 133 197 6 135 75 143 79 80 81 145 17 146 147 21 87 24 154 92 94 159 161 39 103 168 46 110 111 112 113 179 118 56 121 189 62 126 22.05
40 128 129 196 68 133 197 6 135 75 143 79 80 81 145 17 146 147 87 24 154 92 94 159 161 39 103 168 46 110 111 112 113 179 118 56 121 188 189 62 126 29.04
39 128 129 196 68 133 197 6 135 75 143 79 80 81 145 17 146 147 87 24 154 92 94 159 161 39 168 46 110 111 112 113 179 118 56 121 188 189 62 126 217.76
38 128 129 196 68 133 197 6 135 75 143 79 80 81 145 17 146 147 87 24 154 92 94 159 161 168 46 110 111 112 113 179 118 56 121 188 189 62 126 363.75
37 128 129 196 68 133 197 6 135 75 143 79 80 81 145 17 146 147 87 24 154 94 159 161 168 46 110 111 112 113 179 118 56 121 188 189 62 126 132.27
36 128 129 196 68 133 197 6 135 75 143 79 80 81 145 17 146 147 24 154 94 159 161 168 46 110 111 112 113 179 118 56 121 188 189 62 126 725.88
35 128 129 196 68 133 197 6 135 75 143 79 80 81 145 17 146 147 24 154 94 159 161 168 46 110 111 112 113 179 118 56 188 189 62 126 38.71
34 128 129 196 68 133 197 6 135 75 143 79 80 81 145 17 146 147 24 154 94 159 161 168 46 110 111 113 179 118 56 188 189 62 126 77.43
33 128 129 196 68 133 197 6 135 75 143 79 80 81 145 17 146 147 24 154 94 159 161 168 46 110 111 179 118 56 188 189 62 126 367.42
32 128 129 196 68 197 6 135 75 143 79 80 81 145 17 146 147 24 154 94 159 161 168 46 110 111 179 118 56 188 189 62 126 416.17
31 128 129 196 68 197 6 135 75 143 79 80 81 145 17 146 147 24 154 159 161 168 46 110 111 179 118 56 188 189 62 126 154.85
30 128 129 196 68 197 6 135 75 143 79 80 81 145 17 146 147 24 154 159 161 168 46 110 111 118 56 188 189 62 126 406.60
29 128 129 68 197 6 135 75 143 79 80 81 145 17 146 147 24 154 159 161 168 46 110 111 118 56 188 189 62 126 503.41
28 128 129 68 6 135 75 143 79 80 81 145 17 146 147 24 154 159 161 168 46 110 111 118 56 188 189 62 126 358.10
27 128 129 68 6 135 75 143 79 80 145 17 146 147 24 154 159 161 168 46 110 111 118 56 188 189 62 126 174.21
26 128 129 68 6 135 75 143 79 145 17 146 147 24 154 159 161 168 46 110 111 118 56 188 189 62 126 977.34
25 128 129 68 6 75 143 79 145 17 146 147 24 154 159 161 168 46 110 111 118 56 188 189 62 126 165.34
24 128 129 68 6 168 75 46 110 143 79 111 145 17 146 147 118 24 56 154 188 189 62 126 159 22.05
23 128 129 68 6 168 75 46 110 143 79 111 145 17 146 147 118 24 56 188 189 62 126 159 436.67
22 128 129 68 168 75 46 110 143 79 111 145 17 146 147 118 24 56 188 189 62 126 159 166.95
21 128 129 68 168 75 46 110 143 79 111 145 17 147 118 24 56 188 189 62 126 159 302.76
20 128 129 68 168 75 46 110 143 79 111 145 147 118 24 56 188 189 62 126 159 215.42
18 128 129 68 168 75 46 110 143 79 111 145 147 118 188 189 62 126 159 106.74
16 128 129 168 75 46 110 143 79 111 145 147 118 189 62 126 159 74.86
15 128 129 168 75 46 110 143 111 145 147 118 189 62 126 159 58.22
14 129 168 75 46 110 143 111 145 147 118 189 62 126 159 20.74
13 168 75 46 110 143 111 145 147 118 189 62 126 159 66.14
12 145 147 118 75 189 46 110 62 126 143 111 159 2888.17
11 145 147 118 75 189 46 110 126 143 111 159 112.68
10 145 147 118 75 46 110 126 143 111 159 58.20
9 145 147 118 75 110 126 143 111 159 1153.41
8 145 147 118 110 126 143 111 159 24.25
7 145 147 118 126 143 111 159 11.64
6 145 147 118 126 143 159 260.19
5 145 147 126 143 159 59.65
4 145 147 143 159 89.63
4 0 145 147 159 20.00
3 0 145 147 92.00
2 0 145 18.00
1 0 3362.00
132376.49
50_XPY 50_XPY 65_XPY 65_XPY 25_COPY 1000_QR 200_SUM 500_SUM 1200_QR 25_COPY 350_SUM 40_COPY 20_XPY 55_COPY 35_XPY 55_COPY 25_COPY 200_SUM 10_COPY 40_COPY 20_XPY 1300_QR 1000_QR 25_COPY 200_SUM 500_SUM 1000_QR 10_COPY 55_COPY 20_XPY 35_XPY 500_SUM 25_COPY 1000_QR 20_XPY 1000_QR 1300_QR 350_SUM 500_SUM 500_SUM 40_COPY 25_COPY 1300_QR 1300_QR 40_COPY 500_SUM 650_SUM 65_XPY 35_XPY 10_COPY 1200_QR 1200_QR 20_XPY 35_XPY 350_SUM 20_XPY 200_SUM 1200_QR 1200_QR 1200_QR 1000_QR 20_XPY 650_SUM 40_COPY 65_XPY 20_XPY 55_COPY 25_COPY 200_SUM 55_COPY 20_XPY 10_COPY 1000_QR 1100_QR 1100_QR 650_SUM 10_COPY 20_XPY 55_COPY 200_SUM 500_SUM 500_SUM 350_SUM 35_XPY 25_COPY 1100_QR 20_XPY 1300_QR 65_XPY 1100_QR 1200_QR 25_COPY 1300_QR 50_XPY 500_SUM 1000_QR 35_XPY 55_COPY 1100_QR 10_COPY 40_COPY 20_XPY 40_COPY 500_SUM 40_COPY 1200_QR 35_XPY 1100_QR 55_COPY 10_COPY 650_SUM 650_SUM 500_SUM 500_SUM 1100_QR 20_XPY 1100_QR 1300_QR 650_SUM 1100_QR 50_XPY 500_SUM 1000_QR 35_XPY 25_COPY 55_COPY 650_SUM 35_XPY 200_SUM 500_SUM 1000_QR 1200_QR 350_SUM 1300_QR 40_COPY 1300_QR 10_COPY 35_XPY 1000_QR 50_XPY 1000_QR 40_COPY 40_COPY 650_SUM 1100_QR 650_SUM 500_SUM 650_SUM 55_COPY 50_XPY 35_XPY 55_COPY 55_COPY 50_XPY 1300_QR 1000_QR 50_XPY 50_XPY 1200_QR 650_SUM 10_COPY 1300_QR 1000_QR 1000_QR 1100_QR 20_XPY 1000_QR 50_XPY 1300_QR 20_XPY 55_COPY 55_COPY 65_XPY 25_COPY 40_COPY 35_XPY 55_COPY 20_XPY 1100_QR 500_SUM 1100_QR 55_COPY 35_XPY 20_XPY 20_XPY 65_XPY 1100_QR 350_SUM 200_SUM 1300_QR 55_COPY 1100_QR 35_XPY 1100_QR 1100_QR 65_XPY 350_SUM 350_SUM 25_COPY 1100_QR 