45
16 16 9 44 48 34 23 30 15 21 7 11 8 13 5 1 24 4155.24
15 1 34 5 7 8 11 44 13 15 48 17 21 23 24 30 464.71
16 32 1 34 5 8 44 13 45 15 48 17 49 21 23 24 30 1589.06
13 32 34 5 8 44 13 45 15 17 49 21 23 30 12.21
14 32 5 38 8 44 13 45 15 17 49 21 23 28 30 1768.07
13 32 5 38 8 44 13 45 17 49 21 23 28 30 3.09
13 32 5 38 8 12 13 45 17 49 21 23 28 30 19.39
12 32 49 5 21 38 23 8 12 28 13 45 30 648.46
11 32 49 21 38 23 8 12 28 13 45 30 1110.23
10 32 49 21 38 23 8 12 28 13 30 104.55
10 49 21 38 23 39 8 12 28 13 30 106.06
11 49 3 21 38 39 8 40 26 12 28 13 835.94
12 49 3 21 38 6 39 8 40 41 26 12 13 779.53
11 49 21 38 6 39 8 40 41 26 12 13 225.22
11 49 18 21 38 6 39 8 40 41 26 12 106.23
12 49 18 21 38 6 39 40 41 26 27 12 46 1087.85
11 49 18 21 38 6 39 40 41 26 27 46 780.70
12 49 18 20 21 37 38 39 40 41 26 27 46 1238.64
11 49 18 20 21 37 38 39 40 41 27 46 276.67
12 49 18 35 20 21 37 38 39 40 27 46 14 170.52
12 49 18 35 19 20 21 38 39 40 27 46 14 613.79
13 33 35 4 39 40 46 14 49 18 19 20 21 27 3570.00
14 33 35 4 39 40 42 46 14 49 18 19 20 27 29 336.09
14 33 35 4 39 40 42 43 14 49 18 19 20 27 29 333.33
13 33 35 4 39 40 42 43 14 49 18 19 20 29 1436.24
12 33 49 18 35 19 4 39 40 42 43 29 14 1250.90
13 33 35 36 39 40 42 43 14 49 18 19 29 31 76.22
12 33 49 18 35 36 39 40 42 43 29 14 31 694.27
13 33 35 36 39 42 10 43 14 49 18 25 29 31 76.11
12 33 18 35 36 39 25 42 10 43 29 14 31 411.07
13 2 35 36 39 42 10 43 14 18 22 25 29 31 552.41
12 2 18 35 36 22 39 25 42 10 43 29 14 194.00
11 2 18 36 22 39 25 42 10 43 29 14 282.19
10 2 18 36 22 39 25 10 43 29 14 1580.87
9 2 18 36 22 39 25 43 29 14 129.34
8 2 18 36 22 39 25 29 14 498.20
7 2 18 22 39 25 29 14 263.85
6 2 18 22 25 29 14 278.07
6 0 2 18 22 25 14 189.83
5 0 2 18 22 25 6.00
4 0 18 22 25 203.00
3 0 22 25 482.00
2 0 22 2562.00
1 0 1865.00
1 47 855.00
34222.14
1300_QR 350_SUM 1000_QR 20_XPY 65_XPY 500_SUM 35_XPY 10_COPY 1200_QR 35_XPY 10_COPY 10_COPY 1000_QR 1200_QR 1300_QR 65_XPY 35_XPY 35_XPY 55_COPY 500_SUM 1100_QR 55_COPY 1300_QR 25_COPY 350_SUM 65_XPY 1000_QR 25_COPY 50_XPY 650_SUM 25_COPY 20_XPY 350_SUM 1100_QR 50_XPY 650_SUM 350_SUM 20_XPY 1200_QR 55_COPY 40_COPY 50_XPY 1000_QR 500_SUM 65_XPY 50_XPY 25_COPY 200_SUM 350_SUM 55_COPY 