193
2 199 198 2304.00
1 199 5407.00
2 197 191 1420.00
3 195 196 191 2072.00
2 195 196 3543.00
1 194 4039.00
3 192 193 190 1420.00
2 192 190 968.00
1 190 2207.00
2 188 189 1420.00
2 185 187 2137.00
3 184 185 186 855.00
2 185 186 237.00
1 186 2137.00
3 177 180 183 855.00
2 180 182 1449.00
1 182 2056.00
1 181 1420.00
3 176 178 179 1496.00
2 176 178 1733.00
2 178 175 2386.00
2 174 175 391.00
2 173 174 1496.00
2 172 174 5615.00
1 174 209.00
1 171 3229.00
2 168 170 2304.00
2 165 170 5407.00
2 165 169 208.00
1 169 1133.00
2 166 167 3505.00
2 164 166 2110.00
2 162 164 667.00
2 162 163 1420.00
1 162 1952.00
2 160 161 855.00
3 161 158 159 641.00
2 158 159 779.00
3 156 157 159 1496.00
2 157 159 1281.00
1 159 398.00
1 155 2304.00
2 152 154 3505.00
2 152 153 4206.00
3 150 151 153 389.00
2 150 151 1107.00
1 151 641.00
1 149 2137.00
1 148 1341.00
2 146 147 1496.00
1 146 1281.00
3 144 145 142 2777.00
2 145 142 1818.00
2 142 143 1020.00
2 141 143 3575.00
2 140 141 1496.00
1 141 202.00
1 139 2388.00
2 134 138 3229.00
2 134 137 2304.00
2 134 136 82.00
1 136 2695.00
2 133 135 2777.00
2 132 133 3229.00
2 130 133 1420.00
1 133 285.00
2 129 131 2777.00
1 129 1262.00
2 128 127 3505.00
2 128 126 3229.00
1 128 977.00
1 125 2777.00
2 121 124 1496.00
2 121 123 2009.00
1 123 295.00
1 122 1341.00
3 118 119 120 855.00
2 119 120 1282.00
1 120 3478.00
1 117 5273.00
3 113 115 116 2304.00
4 112 113 114 116 474.63
4 112 113 114 111 946.00
3 112 113 111 315.00
2 112 111 1043.00
1 111 2291.00
2 102 110 1341.00
4 102 106 108 109 79.00
3 106 108 109 782.00
3 106 107 109 1282.00
2 106 107 3.00
1 107 1944.00
1 105 3505.00
1 104 2388.00
1 103 1496.00
2 98 101 1420.00
2 98 100 76.00
1 100 2312.00
1 99 3505.00
2 96 97 4595.00
2 97 95 1020.00
1 95 3575.00
2 92 94 2777.00
1 94 1818.00
2 90 93 2137.00
1 93 5574.00
2 89 91 2388.00
1 89 1117.00
1 88 1496.00
3 84 85 87 1341.00
2 85 87 1436.00
3 83 85 86 1420.00
3 82 83 85 1420.00
2 83 85 389.00
2 81 85 1705.00
2 80 81 3505.00
3 81 76 79 63.00
2 76 79 3429.00
1 79 13.00
2 77 78 1341.00
1 78 6370.00
1 75 7711.00
1 74 3505.00
1 73 4595.00
2 71 72 5273.00
2 67 70 3229.00
1 70 2386.00
1 69 3492.00
2 66 68 3492.00
1 68 13.00
1 65 1420.00
1 64 3505.00
3 61 62 63 2388.00
2 61 63 389.00
1 63 452.00
2 59 60 1341.00
1 60 79.00
3 54 57 58 3492.00
2 54 57 547.00
4 53 54 55 56 855.00
3 54 55 56 379.00
3 52 55 56 107.00
2 52 56 2164.00
2 50 52 506.00
2 50 51 1496.00
1 50 3613.00
1 49 1496.00
2 48 47 2777.00
2 48 45 855.00
2 48 42 407.00
3 42 43 46 448.00
2 43 46 2329.00
2 43 44 728.00
2 39 44 2388.00
1 44 389.00
1 41 5615.00
1 40 1420.00
1 38 7711.00
2 36 37 1420.00
1 36 1357.00
1 35 4595.00
2 32 34 855.00
3 32 33 30 855.00
2 32 33 427.00
1 33 3991.00
1 31 1420.00
1 29 1420.00
3 25 26 28 1341.00
3 24 25 27 855.00
2 23 25 108.00
2 22 23 2304.00
2 21 23 365.00
2 17 21 1939.00
2 17 20 1290.00
2 20 15 1098.00
4 16 18 19 15 2131.00
4 16 18 19 14 173.00
3 16 19 14 1188.00
2 16 14 2123.00
2 13 14 2131.00
1 13 3484.00
1 12 3229.00
1 11 3492.00
2 9 10 2137.00
1 10 5574.00
1 8 1341.00
2 4 7 3229.00
1 7 2044.00
2 5 6 3229.00
2 0 3 2137.00
1 3 1902.00
1 2 2388.00
1 1 4039.00
385955.63
500_SUM 1200_QR 35_XPY 1200_QR 1100_QR 1100_QR 1100_QR 1300_QR 20_XPY 500_SUM 55_COPY 50_XPY 1100_QR 40_COPY 40_COPY 1100_QR 40_COPY 1100_QR 1000_QR 50_XPY 35_XPY 1000_QR 1000_QR 650_SUM 200_SUM 1000_QR 20_XPY 200_SUM 20_XPY 10_COPY 200_SUM 10_COPY 500_SUM 1300_QR 200_SUM 65_XPY 650_SUM 10_COPY 55_COPY 35_XPY 10_COPY 40_COPY 200_SUM 25_COPY 25_COPY 200_SUM 650_SUM 650_SUM 1200_QR 350_SUM 40_COPY 350_SUM 650_SUM 200_SUM 1300_QR 20_XPY 25_COPY 1200_QR 50_XPY 20_XPY 10_COPY 650_SUM 35_XPY 1100_QR 25_COPY 10_COPY 50_XPY 1100_QR 25_COPY 50_XPY 40_COPY 1300_QR 1300_QR 65_XPY 25_COPY 55_COPY 50_XPY 20_XPY 55_COPY 25_COPY 25_COPY 1300_QR 10_COPY 1100_QR 20_XPY 55_COPY 10_COPY 650_SUM 350_SUM 25_COPY 500_SUM 35_XPY 650_SUM 55_COPY 65_XPY 65_XPY 65_XPY 40_COPY 350_SUM 25_COPY 35_XPY 10_COPY 10_COPY 350_SUM 35_XPY 25_COPY 500_SUM 1100_QR 200_SUM 500_SUM 20_XPY 65_XPY 650_SUM 1200_QR 10_COPY 1000_QR 650_SUM 1300_QR 200_SUM 500_SUM 40_COPY 25_COPY 20_XPY 1000_QR 350_SUM 650_SUM 1100_QR 25_COPY 55_COPY 1200_QR 10_COPY 650_SUM 1100_QR 55_COPY 40_COPY 650_SUM 650_SUM 1000_QR 1100_QR 35_XPY 350_SUM 1300_QR 40_COPY 65_XPY 650_SUM 65_XPY 650_SUM 350_SUM 20_XPY 500_SUM 350_SUM 500_SUM 55_COPY 65_XPY 25_COPY 1000_QR 350_SUM 650_SUM 10_COPY 65_XPY 200_SUM 350_SUM 1200_QR 10_COPY 650_SUM 40_COPY 40_COPY 25_COPY 1000_QR 20_XPY 55_COPY 1100_QR 40_COPY 350_SUM 55_COPY 650_SUM 1100_QR 200_SUM 40_COPY 350_SUM 1000_QR 10_COPY 25_COPY 200_SUM 200_SUM 1100_QR 1100_QR 500_SUM 10_COPY 10_COPY 65_XPY 50_XPY 35_XPY 10_COPY 1200_QR 40_COPY 40_COPY 10_COPY 1000_QR 55_COPY 