58
40 98 88 73 45 21 6 87 89 1 10 11 83 85 13 14 43 44 48 54 66 78 12 17 33 67 92 93 9 15 20 37 56 59 75 84 95 97 28 91 8 6877.32
40 1 66 67 8 72 9 10 11 75 12 13 77 14 78 15 17 83 20 84 85 87 89 91 92 28 93 95 32 33 97 37 42 43 44 48 49 53 54 56 59 2512.46
40 1 66 67 8 72 9 10 11 75 12 13 77 14 78 15 17 83 20 84 85 89 91 92 28 93 94 95 32 33 97 37 42 43 44 48 49 53 54 56 59 3079.89
40 66 67 8 72 9 75 12 13 77 14 78 15 17 20 84 89 25 91 92 28 93 29 94 95 32 33 97 34 37 42 43 44 48 49 50 53 54 56 59 60 6192.94
40 67 8 72 9 74 75 12 76 77 15 79 16 17 20 84 86 89 25 90 91 92 28 93 29 94 95 32 33 97 34 99 37 42 49 50 53 56 59 60 62 2764.15
40 5 70 8 72 9 74 75 12 76 77 15 79 16 20 84 86 23 89 25 90 26 91 28 29 94 95 32 97 34 99 37 42 49 50 53 56 58 59 60 62 3066.11
40 5 70 72 9 74 75 12 76 77 15 79 16 20 84 86 23 89 25 90 26 91 28 29 94 95 32 97 34 99 35 37 42 49 50 53 56 58 59 60 62 378.65
40 5 70 72 9 74 75 76 77 15 79 16 20 84 86 23 89 25 90 26 91 28 29 94 95 32 97 34 99 35 36 37 42 49 50 53 56 58 59 60 62 2500.97
40 65 3 5 70 72 9 74 75 76 77 15 79 16 20 84 86 22 23 89 90 26 91 28 94 95 32 97 99 35 36 37 39 42 49 53 56 58 59 62 63 687.62
40 65 3 5 70 72 9 74 75 76 77 15 79 20 84 86 22 23 89 90 26 91 28 94 95 32 97 99 35 36 37 39 42 49 51 53 56 58 59 62 63 573.66
40 65 3 5 70 72 9 74 75 76 77 15 79 20 84 86 22 23 90 26 91 28 94 95 32 97 99 35 36 37 39 42 49 51 53 56 58 59 61 62 63 2195.10
40 65 3 5 72 9 74 75 76 77 15 79 80 81 20 84 86 22 90 26 91 28 94 95 31 32 97 99 35 36 37 39 42 49 51 53 56 59 61 62 63 1079.89
40 65 3 5 72 9 74 75 76 77 15 79 80 81 20 84 86 22 90 26 91 28 94 95 31 32 97 99 35 36 37 39 40 42 49 51 56 59 61 62 63 1523.41
40 65 3 68 4 5 72 9 74 75 76 15 79 80 81 20 84 86 22 90 26 91 28 94 95 31 97 99 35 36 37 39 40 41 46 51 56 59 61 62 63 155.10
40 65 3 68 4 5 72 9 74 75 76 15 79 80 81 20 84 86 22 90 26 91 28 94 95 31 97 99 35 36 37 39 40 41 46 51 55 56 59 61 63 87.24
40 65 3 68 4 5 72 9 74 75 76 15 80 81 82 18 20 84 22 24 26 91 27 28 94 95 31 97 35 36 37 39 40 41 46 51 55 56 59 61 63 756.11
40 65 3 68 4 5 72 9 74 75 15 80 81 82 18 20 84 22 24 26 91 27 28 94 30 95 31 97 35 36 37 39 40 41 46 51 55 56 59 61 63 395.32
40 65 2 3 68 4 5 9 74 75 15 80 81 82 18 20 84 22 24 26 91 27 28 94 30 95 31 97 35 36 37 39 40 41 46 51 55 56 59 61 63 2371.90
40 65 2 3 68 4 5 7 9 74 75 15 80 81 82 18 20 84 22 24 26 91 27 28 30 95 31 97 35 36 37 39 40 41 46 51 55 56 59 61 63 765.80
40 65 2 3 68 4 5 7 9 75 15 80 81 82 18 19 20 84 22 24 26 91 27 28 30 95 31 97 35 36 37 39 40 41 46 51 55 56 59 61 63 6200.85
40 65 2 3 68 4 5 69 7 9 75 15 80 81 82 18 19 20 84 22 24 26 91 27 28 30 95 31 35 36 39 40 41 46 47 51 52 55 57 61 63 3090.91
39 64 65 2 3 68 4 5 69 7 71 9 80 81 82 18 19 22 24 26 91 27 28 30 31 96 35 36 38 39 40 41 46 47 51 52 55 57 61 63 501.30
37 64 65 2 3 68 4 69 7 71 9 80 81 82 18 19 22 24 91 27 28 30 31 96 35 36 38 39 40 41 46 47 51 52 55 57 61 63 425.96
34 64 65 2 3 68 4 69 7 71 9 80 81 82 19 22 91 28 30 31 96 35 36 38 39 40 41 46 47 51 52 55 57 61 63 755.12
33 64 65 2 3 68 4 69 7 71 9 80 81 82 19 22 91 28 31 96 35 36 38 39 40 41 46 47 51 52 55 57 61 63 754.50
32 64 65 2 3 68 4 69 7 71 80 81 82 19 22 91 28 31 96 35 36 38 39 40 41 46 47 51 52 55 57 61 63 1283.34
31 64 65 2 3 68 4 69 7 71 80 81 82 19 22 91 28 31 96 36 38 39 40 41 46 47 51 52 55 57 61 63 120.31
30 64 65 2 3 68 4 69 7 71 80 81 82 19 22 91 28 31 96 38 39 40 41 46 47 51 52 55 57 61 63 1577.44
29 64 65 2 3 68 4 69 7 71 80 81 82 19 22 91 28 31 96 38 39 40 41 46 47 51 52 55 57 61 788.72
28 64 65 2 3 68 4 69 7 71 80 81 82 19 22 91 28 31 96 38 40 41 46 47 51 52 55 57 61 341.16
27 64 65 2 3 68 4 69 7 71 80 81 82 19 22 91 28 31 96 38 40 46 47 51 52 55 57 61 46.79
26 64 2 3 68 4 69 7 71 80 81 82 19 22 91 28 31 96 38 40 46 47 51 52 55 57 61 72.59
25 64 2 3 68 4 69 7 71 80 81 82 19 22 91 28 31 96 38 40 46 47 51 52 57 61 29.11
24 64 96 2 3 68 4 69 7 71 40 46 47 80 81 82 19 51 52 22 57 91 28 61 31 50.81
23 64 96 2 3 68 69 7 71 40 46 47 80 81 82 19 51 52 22 57 91 28 61 31 104.80
22 96 2 3 68 69 7 71 40 46 47 80 81 82 19 51 52 22 57 91 28 61 31 63.88
21 96 2 3 68 69 7 71 40 46 47 80 81 19 51 52 22 57 91 28 61 31 1797.47
20 96 2 3 68 69 7 71 40 46 47 80 81 19 51 52 57 91 28 61 31 127.48
19 96 2 3 68 69 7 71 40 46 47 80 81 19 51 52 57 91 28 31 284.71
18 96 2 3 68 69 7 71 40 46 47 80 81 19 52 57 91 28 31 920.92
17 96 2 3 68 69 7 71 40 46 47 80 81 19 52 57 91 31 152.22
16 96 2 3 68 69 7 71 40 46 47 80 81 19 52 57 31 184.14
15 96 2 68 69 7 71 40 46 47 80 81 19 52 57 31 444.81
14 96 68 69 7 71 40 46 47 80 81 19 52 57 31 185.15
13 96 68 69 7 71 40 46 47 80 19 52 57 31 9.11
12 96 19 68 52 69 7 71 40 57 46 47 31 452.67
11 96 19 68 52 69 71 40 57 46 47 31 229.57
10 96 68 52 69 71 40 57 46 47 31 1667.42
9 96 68 52 69 71 40 46 47 31 42.33
8 96 68 69 71 40 46 47 31 25.72
7 96 68 69 71 40 46 47 32.98
6 96 68 69 71 40 46 80.45
5 96 68 71 40 46 147.70
4 96 68 71 46 185.00
4 96 0 68 71 18.06
3 96 0 68 27.00
2 96 0 2.00
1 0 3458.00
64646.13
25_COPY 35_XPY 650_SUM 1200_QR 500_SUM 1100_QR 20_XPY 650_SUM 25_COPY 40_COPY 35_XPY 35_XPY 65_XPY 50_XPY 50_XPY 40_COPY 10_COPY 65_XPY 350_SUM 650_SUM 40_COPY 20_XPY 1200_QR 10_COPY 350_SUM 1000_QR 1100_QR 350_SUM 55_COPY 1000_QR 350_SUM 1300_QR 25_COPY 65_XPY 1000_QR 1100_QR 1100_QR 40_COPY 200_SUM 1100_QR 1300_QR 500_SUM 25_COPY 50_XPY 50_XPY 20_XPY 1300_QR 650_SUM 50_XPY 25_COPY 1000_QR 1200_QR 650_SUM 25_COPY 50_XPY 500_SUM 40_COPY 650_SUM 10_COPY 40_COPY 1000_QR 1200_QR 1000_QR 1100_QR 200_SUM 1100_QR 50_XPY 65_XPY 1300_QR 650_SUM 10_COPY 650_SUM 25_COPY 20_XPY 1000_QR 40_COPY 1000_QR 25_COPY 50_XPY 1000_QR 1200_QR 1200_QR 500_SUM 35_XPY 40_COPY 35_XPY 1000_QR 10_COPY 20_XPY 1200_QR 1000_QR 55_COPY 65_XPY 65_XPY 25_COPY 40_COPY 650_SUM 40_COPY 20_XPY 1000_QR 