46
5 8 14 41 34 24 1341.00
10 16 17 34 24 41 43 27 11 14 46 1375.46
9 16 34 24 41 43 27 11 14 46 447.67
21 32 34 2 3 36 7 40 41 10 43 11 46 16 49 19 22 24 25 27 30 31 1628.69
20 32 34 2 3 36 7 40 41 10 43 46 16 49 19 22 24 25 27 30 31 1696.36
36 1 2 3 4 5 7 9 10 12 13 15 16 18 19 20 21 22 23 25 26 27 29 30 31 32 33 34 36 37 40 42 43 44 46 47 49 723.13
34 1 2 3 4 5 7 9 10 12 13 15 16 18 19 20 21 22 23 25 26 29 30 31 32 33 34 36 37 40 42 44 46 47 49 1433.42
35 1 2 3 4 5 7 9 10 12 13 15 16 18 19 20 21 22 23 25 26 28 29 30 31 32 33 36 37 38 40 42 44 46 47 49 1402.48
34 1 2 3 4 5 7 9 10 12 13 15 16 18 19 20 21 22 23 25 26 28 29 30 31 32 33 36 37 38 42 44 46 47 49 469.81
32 1 2 3 4 5 7 9 10 12 13 15 16 18 19 20 21 22 23 25 26 28 29 31 32 33 37 38 42 44 46 47 49 633.38
31 1 2 3 4 5 9 10 12 13 15 16 18 19 20 21 22 23 25 26 28 29 31 32 33 37 38 42 44 46 47 49 183.92
30 1 2 3 4 5 9 10 12 13 15 18 19 20 21 22 23 25 26 28 29 31 32 33 37 38 42 44 46 47 49 1090.66
29 1 2 3 4 5 10 12 13 15 18 19 20 21 22 23 25 26 28 29 31 32 33 37 38 42 44 46 47 49 1218.28
28 1 2 3 4 5 10 12 13 15 18 20 21 22 23 25 26 28 29 31 32 33 37 38 42 44 46 47 49 101.89
26 1 2 3 4 10 12 13 15 18 20 22 23 25 26 28 29 31 32 33 37 38 42 44 46 47 49 646.20
25 1 3 4 10 12 13 15 18 20 22 23 25 26 28 29 31 32 33 37 38 42 44 46 47 49 495.91
24 32 1 33 3 4 38 10 42 12 44 13 46 15 47 49 18 20 22 23 25 26 28 29 31 352.36
23 32 1 33 3 4 38 10 42 12 44 46 15 47 49 18 20 22 23 25 26 28 29 31 77.55
22 1 33 3 4 38 10 42 12 44 46 15 47 49 18 20 22 23 25 26 28 29 31 23.80
21 1 33 3 38 10 42 12 44 46 15 47 49 18 20 22 23 25 26 28 29 31 11.63
20 1 33 3 38 10 42 12 44 46 15 47 49 18 20 22 23 26 28 29 31 995.31
19 1 33 3 38 42 12 44 46 15 47 49 18 20 22 23 26 28 29 31 127.66
18 1 33 38 42 12 44 46 15 47 49 18 20 22 23 26 28 29 31 997.14
17 1 33 38 42 44 46 15 47 49 18 20 22 23 26 28 29 31 440.37
16 1 33 38 42 44 46 15 47 49 18 20 22 23 26 28 29 758.64
15 1 33 38 42 44 46 15 47 49 18 20 23 26 28 29 710.42
14 1 33 38 42 44 46 15 47 49 20 23 26 28 29 22.04
14 1 33 38 39 42 44 46 15 47 20 23 26 28 29 69.55
13 33 38 39 42 44 46 15 47 20 23 26 28 29 768.12
12 33 20 38 39 23 42 26 44 29 46 15 47 599.06
11 33 20 38 39 23 42 26 44 46 15 47 120.31
10 33 20 38 39 23 42 26 46 15 47 22.06
9 33 20 38 39 23 42 26 46 47 355.87
8 33 20 38 39 23 42 26 46 122.13
7 20 38 39 23 42 26 46 482.06
7 20 38 39 23 42 26 45 287.12
7 20 6 39 23 42 26 45 1725.66
6 20 6 39 23 42 26 285.29
5 20 6 39 23 42 36.37
5 0 20 6 39 42 118.00
5 0 35 6 39 42 1630.00
4 0 35 39 42 304.00
3 0 35 39 1558.00
2 0 39 985.00
2 48 39 100.00
1 48 2037.00
31010.80
65_XPY 65_XPY 350_SUM 65_XPY 10_COPY 200_SUM 1100_QR 35_XPY 20_XPY 20_XPY 65_XPY 35_XPY 350_SUM 35_XPY 1000_QR 1100_QR 65_XPY 20_XPY 65_XPY 50_XPY 1300_QR 200_SUM 1100_QR 1300_QR 65_XPY 1000_QR 1300_QR 50_XPY 65_XPY 1100_QR 35_XPY 500_SUM 1000_QR 25_COPY 25_COPY 50_XPY 35_XPY 35_XPY 650_SUM 55_COPY 35_XPY 65_XPY 55_COPY 50_XPY 1100_QR 10_COPY 1300_QR 25_COPY 500_SUM 25_COPY 