99
4 88 77 81 57 2137.00
5 38 88 57 77 63 167.00
6 96 38 88 24 57 63 537.23
7 96 38 23 88 24 60 63 1684.00
8 96 33 23 88 24 90 60 63 167.00
9 33 23 88 24 90 42 60 29 63 1360.21
10 33 66 23 88 24 90 42 60 29 95 300.30
11 33 66 50 52 23 88 24 90 42 29 95 685.18
12 33 66 50 52 23 88 90 42 12 29 78 95 238.02
13 33 66 36 73 42 12 78 50 52 23 88 29 95 932.85
14 33 66 36 73 42 12 78 46 50 52 88 27 29 95 1033.03
13 33 66 73 42 12 78 46 50 52 88 27 29 95 573.31
14 33 66 73 12 78 46 50 52 85 54 88 27 29 95 1866.01
13 33 66 73 12 78 46 52 85 54 88 27 29 95 481.12
14 32 33 66 73 12 78 46 52 85 54 27 92 29 95 42.97
15 32 66 67 73 12 78 46 52 85 54 22 27 92 29 95 32.31
15 32 66 67 73 12 78 46 80 85 54 22 27 92 29 95 269.27
16 32 66 67 73 9 12 78 46 15 80 85 54 22 27 92 95 759.34
16 32 66 67 73 9 12 46 15 80 85 54 22 26 27 92 95 1554.22
15 32 66 67 73 9 12 46 15 80 85 54 22 26 92 95 154.69
16 32 67 37 73 9 12 46 15 80 20 85 54 22 26 92 95 584.65
17 32 67 37 73 9 12 46 15 80 83 51 20 85 54 22 92 95 1028.20
18 32 67 35 37 73 9 12 46 14 15 80 83 51 20 85 54 22 92 195.05
19 32 67 35 37 73 9 12 46 14 15 47 80 83 51 20 84 85 54 22 130.91
19 32 67 35 37 70 73 9 12 46 14 15 47 80 83 51 20 84 85 54 1941.03
20 67 35 37 70 73 9 11 12 46 14 15 47 80 83 51 20 84 85 54 28 810.30
19 67 35 37 73 9 11 12 46 14 15 47 80 83 51 20 84 85 54 28 1940.62
20 67 35 37 7 73 9 11 12 46 14 15 47 80 83 51 20 84 85 54 56 618.86
21 67 99 37 7 73 9 10 11 12 46 14 15 47 80 83 51 20 84 85 54 56 373.94
20 67 99 37 7 73 9 10 11 12 14 15 47 80 83 51 20 84 85 54 56 75.49
21 67 99 37 7 73 41 10 11 43 12 14 15 47 80 83 51 20 84 85 54 56 1478.77
22 67 99 37 7 73 41 10 11 43 12 14 15 47 80 83 51 20 84 85 87 56 62 24.06
21 99 37 7 73 41 10 11 43 12 14 15 47 80 83 51 20 84 85 87 56 62 284.62
22 99 37 7 71 73 41 10 11 43 12 15 47 80 83 51 20 84 85 87 56 59 62 140.37
23 99 37 7 71 73 41 10 11 43 12 47 80 17 83 51 20 84 85 87 55 56 59 62 144.27
24 99 37 7 71 40 73 41 10 11 43 12 80 17 83 51 20 84 85 86 87 55 56 59 62 1326.96
23 99 37 7 71 40 73 41 10 11 43 12 17 83 51 20 84 85 86 87 55 56 59 62 541.47
24 1 99 37 7 71 40 73 41 10 11 43 12 17 83 51 20 84 85 86 87 55 59 62 94 1571.89
25 1 69 7 71 73 10 11 12 17 83 20 84 85 87 94 99 37 40 41 43 49 51 55 59 62 728.21
24 1 99 69 37 7 71 40 73 10 11 43 12 17 49 83 51 20 84 85 87 55 59 94 62 1065.42
23 1 99 69 37 7 71 40 73 10 11 43 12 17 49 83 20 84 85 87 55 59 94 62 998.60
24 1 99 68 69 37 7 71 40 73 10 11 43 12 45 17 49 83 20 84 87 55 59 94 62 574.41
23 1 68 69 37 7 71 40 73 10 11 43 12 45 17 49 83 20 84 87 55 59 94 62 288.96
24 64 1 3 68 69 37 7 71 40 73 10 11 43 12 45 17 49 83 84 87 55 59 94 62 176.33
23 64 1 3 68 69 37 7 71 40 73 10 11 12 45 17 49 83 84 87 55 59 94 62 906.36
24 64 1 3 68 69 37 7 71 40 73 10 12 45 79 17 49 83 84 87 55 59 93 94 62 406.60
23 64 1 3 68 69 37 7 40 73 10 12 45 79 17 49 83 84 87 55 59 93 94 62 87.27
22 64 1 3 68 69 37 7 40 73 10 12 45 79 17 49 83 84 87 55 59 93 62 1322.22
21 64 1 3 68 69 37 7 40 73 10 12 45 79 17 49 83 84 55 59 93 62 787.73
22 64 1 3 68 69 37 5 7 40 73 10 45 79 17 49 83 84 55 59 93 61 62 475.68
21 64 1 3 68 69 37 5 7 40 10 45 79 17 49 83 84 55 59 93 61 62 724.85
20 64 1 3 68 69 37 5 7 40 10 45 79 17 49 83 84 55 93 61 62 116.45
19 1 3 68 69 37 5 7 40 10 45 79 17 49 83 84 55 93 61 62 84.85
20 1 3 68 69 37 5 6 40 10 45 79 17 49 83 84 53 55 93 61 62 56.26
19 1 3 68 69 37 5 6 40 10 45 79 49 83 84 53 55 93 61 62 144.08
18 1 3 69 37 5 6 40 10 45 79 49 83 84 53 55 93 61 62 154.85
19 1 3 69 37 5 6 10 45 79 16 49 83 84 53 55 93 61 62 31 89.77
18 1 3 37 5 6 10 45 79 16 49 83 84 53 55 93 61 62 31 1126.27
17 1 3 37 5 6 10 45 79 16 49 83 84 53 93 61 62 31 1232.31
16 1 3 37 5 6 45 79 16 49 83 84 53 93 61 62 31 672.08
17 1 65 2 3 37 5 6 45 79 16 49 83 53 93 61 62 31 225.51
18 1 65 2 3 37 5 6 8 45 79 16 49 83 53 58 93 62 31 176.77
17 65 2 3 37 5 6 8 45 79 16 49 83 53 58 93 62 31 1334.27
18 65 2 3 4 37 5 6 8 74 45 79 16 49 83 53 58 93 62 212.04
17 65 2 4 37 5 6 8 74 45 79 16 49 83 53 58 93 62 1830.76
16 65 2 4 37 5 6 8 74 45 79 16 83 53 58 93 62 261.73
15 65 2 4 37 5 8 74 45 79 16 83 53 58 93 62 329.93
14 65 2 4 37 5 8 45 79 16 83 53 58 93 62 385.98
13 65 2 4 37 5 8 45 79 16 53 58 93 62 24.46
14 65 2 4 5 8 45 79 16 19 53 58 93 62 30 19.84
13 65 2 4 5 45 79 16 19 53 58 93 62 30 1167.63
14 65 2 4 5 45 16 82 19 53 25 58 93 62 30 504.62
15 65 4 5 44 45 16 82 19 53 21 25 58 93 62 30 24.89
16 65 4 5 44 45 48 82 19 53 21 25 89 58 93 62 30 2645.21
17 65 4 44 45 13 48 82 18 19 53 21 25 89 58 93 62 30 716.47
16 65 4 44 13 48 82 18 19 53 21 25 89 58 93 62 30 1041.32
15 65 4 44 13 48 82 18 19 53 21 25 89 93 62 30 407.73
14 65 4 44 13 48 82 18 19 53 21 25 89 93 30 67.93
15 65 34 4 72 44 13 48 82 18 19 53 21 25 89 30 1430.24
13 65 34 4 72 44 13 48 82 18 19 53 25 30 10.89
12 65 34 82 18 19 4 53 72 25 44 13 30 60.85
11 65 34 82 18 4 53 72 25 44 13 30 794.66
10 65 34 82 18 4 72 25 44 13 30 620.40
9 65 34 82 18 72 25 44 13 30 422.44
8 65 34 82 72 25 44 13 30 175.98
9 65 34 82 72 25 75 91 44 30 138.22
8 65 34 82 72 25 75 91 44 143.89
7 65 34 82 72 75 91 44 409.59
8 34 82 39 72 75 91 44 76 828.62
7 34 39 72 75 91 44 76 401.00
7 0 39 72 75 91 44 76 818.35
6 0 39 72 75 44 76 341.00
5 0 39 72 75 44 182.00
6 97 98 39 72 75 44 232.00
5 97 98 39 72 44 1061.00
4 97 98 39 44 358.00
3 97 98 39 374.00
2 97 98 363.00
1 97 406.00
61355.29
20_XPY 25_COPY 350_SUM 65_XPY 1200_QR 1200_QR 1000_QR 25_COPY 10_COPY 500_SUM 1200_QR 1100_QR 55_COPY 1000_QR 350_SUM 1100_QR 500_SUM 65_XPY 350_SUM 65_XPY 1200_QR 50_XPY 10_COPY 25_COPY 65_XPY 25_COPY 20_XPY 1000_QR 20_XPY 1100_QR 650_SUM 35_XPY 350_SUM 1100_QR 65_XPY 10_COPY 20_XPY 55_COPY 35_XPY 65_XPY 500_SUM 35_XPY 1000_QR 50_XPY 55_COPY 1300_QR 1200_QR 50_XPY 350_SUM 1200_QR 350_SUM 25_COPY 1000_QR 40_COPY 1200_QR 1100_QR 200_SUM 650_SUM 25_COPY 65_XPY 50_XPY 35_XPY 55_COPY 1100_QR 200_SUM 40_COPY 1100_QR 1100_QR 35_XPY 50_XPY 20_XPY 350_SUM 40_COPY 55_COPY 20_XPY 50_XPY 35_XPY 1000_QR 1000_QR 650_SUM 650_SUM 500_SUM 1200_QR 55_COPY 40_COPY 40_COPY 20_XPY 1000_QR 55_COPY 350_SUM 10_COPY 1000_QR 10_COPY 40_COPY 10_COPY 650_SUM 35_XPY 650_SUM 35_XPY 50_XPY 