58
40 74 92 93 95 99 98 17 18 70 84 5 21 44 50 66 8 26 29 46 48 91 2 10 20 43 63 65 11 16 25 36 49 72 76 89 9 33 45 80 6 6877.32
40 65 66 2 5 70 6 7 8 72 9 10 11 76 16 80 17 18 84 20 21 25 89 26 91 92 93 29 95 33 98 99 36 43 44 45 46 48 49 50 63 2512.46
40 65 66 2 5 70 7 8 72 9 10 11 76 13 16 80 17 18 84 20 21 25 89 26 91 92 93 29 95 33 98 99 36 43 44 45 46 48 49 50 63 3079.89
40 65 66 2 68 5 7 8 72 9 73 10 11 76 13 14 16 80 20 21 25 89 26 91 92 93 29 95 33 98 99 36 40 43 44 45 46 48 49 50 63 2429.89
40 65 66 2 3 68 5 7 8 72 73 10 11 76 13 14 78 16 83 20 21 25 89 26 90 91 92 28 29 30 95 99 36 40 43 44 46 48 49 50 63 1375.24
40 65 66 2 3 68 5 8 72 73 10 11 76 13 14 78 16 83 20 21 25 89 26 90 91 92 28 29 30 95 31 99 36 40 43 44 46 48 49 50 63 2393.82
40 65 2 3 68 8 72 73 10 11 76 13 14 78 15 16 83 20 88 25 89 26 90 91 28 29 30 95 31 34 99 36 37 40 43 46 48 49 52 59 63 119.01
40 65 2 3 68 8 72 73 10 11 76 14 78 15 16 83 19 20 88 25 89 26 90 91 28 29 30 95 31 34 99 36 37 40 43 46 48 49 52 59 63 3074.46
40 65 2 3 8 72 10 11 76 78 15 16 83 19 20 88 25 89 26 90 91 28 29 30 95 31 34 99 36 37 42 43 46 48 49 51 52 55 59 60 63 694.21
40 65 2 3 8 72 10 11 76 78 15 16 83 19 20 88 25 89 26 90 91 28 29 30 31 34 99 36 37 42 43 46 48 49 51 52 55 59 60 61 63 1738.89
40 65 2 3 67 8 72 10 11 76 12 15 16 19 20 88 25 89 26 91 28 29 30 31 34 99 36 37 42 43 46 47 48 49 51 52 55 59 60 61 63 212.12
40 65 2 3 67 8 10 11 12 15 16 19 20 88 25 26 91 28 29 30 31 96 97 34 99 36 37 42 43 46 47 48 49 51 52 55 58 59 60 61 63 367.83
40 65 2 3 67 71 10 11 12 15 16 82 19 20 22 88 25 27 28 30 31 96 97 34 99 36 37 42 43 47 49 51 52 54 55 58 59 60 61 62 63 3767.75
40 65 2 3 67 71 10 11 12 15 16 82 19 20 22 23 88 25 27 28 30 31 96 97 34 36 37 42 43 47 49 51 52 54 55 58 59 60 61 62 63 13695.65
40 65 2 3 67 71 10 11 12 15 16 82 19 20 22 23 88 24 25 27 28 31 96 97 34 36 37 42 43 47 49 51 52 54 55 58 59 60 61 62 63 190.50
40 65 2 67 71 10 11 12 15 16 82 19 20 22 23 88 24 25 27 31 96 32 97 34 35 36 37 42 43 47 49 51 52 54 55 58 59 60 61 62 63 609.90
40 65 2 67 71 10 11 12 15 16 82 19 20 22 88 24 25 27 31 96 32 97 34 35 36 37 39 42 43 47 49 51 52 54 55 58 59 60 61 62 63 1263.29
40 65 2 67 71 10 11 12 15 16 82 19 20 22 88 24 25 27 96 32 97 34 35 36 37 39 42 43 47 49 51 52 54 55 56 58 59 60 61 62 63 1171.09
40 64 65 1 2 67 10 11 75 12 15 79 16 19 20 85 86 88 24 25 96 32 97 34 35 36 37 39 42 43 47 49 51 52 55 56 58 59 60 61 63 1673.85
40 64 65 1 2 67 4 10 11 75 12 15 79 16 19 20 85 86 88 24 25 96 32 97 34 35 36 37 38 39 42 47 49 51 52 55 56 58 59 60 61 772.01
40 64 65 1 2 67 4 69 10 11 75 12 15 79 16 19 20 85 86 88 24 25 94 96 32 97 35 36 38 39 41 42 47 49 51 55 56 57 58 60 61 190.50
40 64 65 1 2 67 4 69 10 11 75 12 15 79 16 19 20 85 86 24 25 94 96 32 97 35 36 38 39 41 42 47 49 51 53 55 56 57 58 60 61 1529.76
40 64 65 1 2 67 4 69 10 11 75 12 77 79 16 19 20 85 86 24 25 94 96 32 97 35 36 38 39 41 42 47 49 51 53 55 56 57 58 60 61 169.97
40 64 65 1 2 67 4 69 10 11 75 12 77 79 16 81 20 85 86 24 25 94 96 32 97 35 36 38 39 41 42 47 49 51 53 55 56 57 58 60 61 152.17
40 64 1 2 67 4 69 10 11 75 12 77 79 16 81 20 85 86 87 24 25 94 96 32 97 35 36 38 39 41 42 47 49 51 53 55 56 57 58 60 61 1699.74
39 64 1 2 67 4 69 10 11 75 12 77 79 16 81 20 85 86 87 24 25 94 96 32 97 35 36 38 39 41 42 47 49 51 53 55 56 57 58 61 393.06
37 64 1 2 67 4 69 10 11 75 12 77 79 16 81 20 85 86 87 24 25 94 96 32 97 35 36 38 39 41 42 47 49 53 56 57 58 61 648.02
36 64 1 2 67 4 69 10 11 75 12 77 79 16 81 20 85 86 87 24 25 94 96 32 97 35 36 38 39 41 42 47 49 53 56 57 58 517.00
35 64 1 2 67 4 69 10 11 75 12 77 79 16 81 20 85 86 87 24 25 94 96 32 97 35 36 38 39 41 47 49 53 56 57 58 190.21
32 64 1 67 4 69 11 75 12 77 79 16 81 85 86 87 24 25 94 96 32 97 35 36 38 39 41 47 49 53 56 57 58 2277.96
31 64 1 67 4 69 11 75 12 77 79 16 81 85 86 87 24 25 94 96 32 97 35 36 38 39 41 47 49 56 57 58 665.73
30 64 1 4 69 11 75 12 77 79 16 81 85 86 87 24 25 94 96 32 97 35 36 38 39 41 47 49 56 57 58 464.69
29 64 1 4 69 11 75 12 77 79 16 81 85 86 87 25 94 96 32 97 35 36 38 39 41 47 49 56 57 58 21.83
28 64 1 4 69 11 75 12 79 16 81 85 86 87 25 94 96 32 97 35 36 38 39 41 47 49 56 57 58 116.17
26 64 1 4 69 11 75 12 79 16 81 85 86 87 25 94 96 97 36 38 39 41 47 49 56 57 58 14.56
25 64 1 4 69 11 75 12 79 16 85 86 87 25 94 96 97 36 38 39 41 47 49 56 57 58 109.17
24 64 96 1 97 4 36 69 38 39 41 11 75 12 79 47 16 49 85 86 56 25 57 58 94 333.99
23 64 96 1 97 4 36 69 38 41 11 75 12 79 47 16 49 85 86 56 25 57 58 94 755.12
22 64 96 1 97 4 36 69 38 41 11 75 12 79 47 16 49 85 86 25 57 58 94 859.67
19 64 96 1 97 4 36 69 38 41 11 75 12 47 16 49 25 57 58 94 23.23
18 64 96 1 97 4 36 69 38 41 11 12 47 16 49 25 57 58 94 280.75
17 96 1 97 4 36 69 38 41 11 12 47 16 49 25 57 58 94 126.85
15 96 1 97 4 36 69 38 41 11 12 47 16 57 58 94 25.37
14 96 1 97 4 69 38 41 11 12 47 16 57 58 94 894.28
13 96 1 97 4 69 38 41 11 12 47 57 58 94 19.03
12 96 1 97 4 69 38 41 57 58 12 94 47 424.37
11 96 1 97 4 69 38 41 57 58 12 94 4.90
10 96 1 97 4 69 38 41 57 12 94 196.20
9 96 1 97 4 69 38 41 57 94 44.09
8 96 1 4 69 38 41 57 94 14.70
7 1 4 69 38 41 57 94 1509.04
6 4 69 38 41 57 94 200.28
5 4 69 38 41 57 2.91
4 4 69 38 41 2.33
4 0 4 69 41 66.03
3 0 69 41 19.00
2 0 69 57.00
1 0 5473.00
68511.84
40_COPY 650_SUM 40_COPY 1100_QR 650_SUM 50_XPY 10_COPY 10_COPY 65_XPY 1000_QR 40_COPY 55_COPY 1300_QR 10_COPY 10_COPY 1200_QR 55_COPY 35_XPY 35_XPY 1200_QR 40_COPY 50_XPY 500_SUM 350_SUM 350_SUM 55_COPY 65_XPY 500_SUM 1100_QR 65_XPY 1100_QR 1100_QR 350_SUM 1000_QR 1100_QR 350_SUM 55_COPY 1100_QR 650_SUM 350_SUM 10_COPY 650_SUM 1200_QR 40_COPY 50_XPY 1000_QR 65_XPY 1300_QR 65_XPY 55_COPY 50_XPY 1200_QR 1100_QR 200_SUM 500_SUM 1200_QR 350_SUM 650_SUM 1300_QR 1100_QR 1200_QR 1200_QR 500_SUM 40_COPY 350_SUM 40_COPY 50_XPY 1200_QR 10_COPY 650_SUM 35_XPY 500_SUM 25_COPY 10_COPY 20_XPY 350_SUM 25_COPY 200_SUM 10_COPY 350_SUM 1000_QR 200_SUM 500_SUM 10_COPY 35_XPY 350_SUM 350_SUM 200_SUM 1100_QR 25_COPY 10_COPY 65_XPY 50_XPY 1000_QR 650_SUM 25_COPY 1300_QR 1300_QR 1000_QR 1200_QR 