41
21 17 41 40 37 36 39 35 34 11 30 3 16 24 28 14 25 15 44 20 23 31 3438.66
20 34 35 3 36 37 39 40 41 11 44 14 15 16 20 23 24 25 28 30 31 1549.34
19 34 35 3 36 37 39 40 41 11 44 14 15 16 20 23 24 25 28 31 686.97
17 34 35 3 39 41 44 45 14 15 16 19 20 23 24 25 28 31 1793.23
16 34 3 39 41 44 45 14 15 16 19 20 23 24 25 28 31 930.60
18 32 34 2 3 39 7 41 44 45 15 16 19 20 22 23 24 28 31 1001.80
18 32 33 34 2 4 6 38 39 7 10 44 45 15 19 20 22 23 31 971.92
17 32 33 34 2 4 6 38 39 7 10 44 15 19 20 22 23 31 662.97
16 32 33 34 2 4 6 38 39 7 10 44 15 19 20 22 23 447.83
17 32 33 34 2 4 6 38 39 7 10 44 13 18 19 20 22 23 153.73
18 32 33 34 2 4 6 38 39 7 10 12 13 18 19 20 21 22 23 902.48
17 32 33 2 4 6 38 39 7 10 12 13 18 19 20 21 22 23 249.36
16 32 33 2 4 6 38 39 7 10 12 13 18 20 21 22 23 428.05
16 32 33 2 4 6 38 39 10 12 13 49 18 20 21 22 23 1051.27
15 32 33 2 6 38 39 10 12 13 49 18 20 21 22 23 925.22
14 32 33 6 38 39 10 12 13 49 18 20 21 22 23 152.83
14 32 33 5 6 38 39 10 12 13 49 18 20 22 23 419.10
14 33 5 6 38 39 8 10 12 48 49 18 20 22 23 1837.62
13 33 5 6 38 39 8 12 48 49 18 20 22 23 127.48
12 48 33 49 18 20 5 6 38 22 39 23 12 212.98
13 33 5 6 38 39 42 48 49 18 20 22 23 29 451.17
12 48 33 49 18 20 5 6 38 39 23 42 29 42.05
11 48 33 49 18 20 6 38 39 23 42 29 492.34
11 48 33 49 18 20 6 38 39 42 26 29 4.90
10 48 33 49 18 6 38 39 42 26 29 97.37
11 48 33 49 6 38 39 42 26 27 29 46 28.96
10 48 33 49 38 39 42 26 27 29 46 619.01
9 48 49 38 39 42 26 27 29 46 404.97
8 48 49 39 42 26 27 29 46 1155.54
7 48 39 42 26 27 29 46 733.63
7 39 42 26 27 43 29 46 62.16
6 42 26 27 43 29 46 535.00
6 0 42 26 43 29 46 388.38
5 0 42 26 43 46 2507.00
4 0 42 26 46 165.00
4 0 9 42 46 46.00
3 0 9 42 1295.00
2 0 42 194.00
3 1 42 47 189.00
2 1 47 3316.00
1 1 1090.00
31760.93
65_XPY 65_XPY 350_SUM 65_XPY 10_COPY 200_SUM 1100_QR 35_XPY 20_XPY 20_XPY 65_XPY 35_XPY 350_SUM 35_XPY 1000_QR 1100_QR 65_XPY 20_XPY 65_XPY 50_XPY 1300_QR 200_SUM 1100_QR 1300_QR 65_XPY 1000_QR 1300_QR 50_XPY 65_XPY 1100_QR 35_XPY 500_SUM 1000_QR 25_COPY 25_COPY 50_XPY 35_XPY 35_XPY 650_SUM 55_COPY 35_XPY 65_XPY 55_COPY 50_XPY 1100_QR 10_COPY 1300_QR 25_COPY 500_SUM 25_COPY 