53
40 81 43 37 27 25 15 11 5 4 7 17 20 22 34 36 54 70 74 3 35 52 65 88 96 97 98 38 44 46 47 55 60 62 69 72 16 41 64 67 95 6877.32
40 64 65 2 3 67 68 69 70 7 71 72 74 77 16 17 20 84 85 22 88 28 95 96 97 34 98 35 36 38 39 41 44 46 47 48 52 54 55 60 62 5590.78
40 64 65 2 3 67 68 69 71 72 10 77 13 16 82 18 19 84 85 86 88 90 91 28 94 95 96 97 98 35 38 39 41 44 46 47 48 52 55 60 62 2757.17
40 64 1 2 3 67 68 69 71 72 10 75 76 77 13 16 82 18 19 84 85 86 24 90 91 28 94 30 95 35 38 39 41 44 46 47 48 50 55 60 62 3402.45
40 64 1 2 3 67 68 69 71 72 8 73 9 10 75 76 77 13 16 82 18 19 84 85 86 24 90 91 28 94 30 95 33 35 38 39 41 48 49 50 57 37.40
40 64 1 2 67 68 69 71 72 8 73 9 10 75 76 77 13 16 82 18 19 84 85 21 86 24 90 26 91 28 94 30 95 33 38 39 41 48 49 50 57 2764.15
40 64 1 2 67 68 71 8 73 9 10 75 76 77 13 16 82 18 19 84 85 21 86 24 90 26 91 28 29 94 30 95 33 39 41 48 49 50 51 57 63 436.37
40 64 1 2 67 68 71 8 73 9 10 75 76 77 13 16 80 82 18 19 84 85 21 86 24 26 28 29 94 30 95 33 99 39 41 48 49 50 51 57 63 218.19
40 64 1 2 67 68 71 8 73 9 10 75 76 77 16 80 82 19 84 85 21 86 24 26 28 29 94 30 95 33 99 39 41 42 45 48 49 50 51 57 63 8268.73
40 64 1 2 67 68 71 8 73 9 10 75 76 77 16 80 19 84 85 21 86 24 26 28 29 94 30 95 33 99 39 41 42 45 48 49 50 51 56 57 63 1376.51
40 64 1 2 67 68 71 8 73 9 75 76 77 16 80 19 84 85 21 86 24 26 28 29 94 30 95 33 99 39 41 42 45 48 49 50 51 56 57 58 63 3123.96
40 64 1 2 66 67 8 73 9 75 76 78 16 80 19 83 21 86 24 26 28 29 94 30 95 33 99 39 40 41 42 45 48 49 50 51 56 57 58 59 63 1082.82
40 64 1 2 66 67 8 73 9 75 76 78 16 80 83 21 86 87 24 26 28 29 94 30 95 33 99 39 40 41 42 45 48 49 50 51 56 57 58 59 63 626.72
40 64 1 66 67 6 8 73 9 75 76 78 16 80 83 21 86 87 24 26 28 29 94 30 95 33 99 39 40 41 42 45 48 49 50 51 56 57 58 59 63 2827.36
40 64 1 66 67 6 8 73 9 75 76 78 16 80 83 21 86 87 24 26 28 29 94 30 95 31 33 99 39 40 41 42 45 48 49 51 56 57 58 59 63 3406.81
40 64 1 66 67 6 8 73 9 75 76 78 16 80 83 21 86 87 24 26 28 92 29 94 30 95 31 33 99 39 40 41 48 49 51 53 56 57 58 59 63 424.24
40 64 1 66 67 6 8 73 9 75 76 78 16 80 83 21 86 87 24 26 28 92 29 93 30 95 31 33 99 39 40 41 48 49 51 53 56 57 58 59 63 19.28
40 64 1 66 67 6 8 73 9 75 76 12 78 16 80 83 21 87 24 26 28 92 29 93 30 95 31 33 99 39 40 41 48 49 51 53 56 57 58 59 63 992.58
40 64 1 66 67 6 8 73 9 12 78 14 16 80 83 21 87 23 24 26 28 92 29 93 30 95 31 33 99 39 40 41 48 49 51 53 56 57 58 59 63 1664.34
40 64 1 66 67 6 8 73 9 12 78 14 16 80 83 21 87 23 24 26 28 92 29 93 30 31 32 33 99 39 40 48 49 51 53 56 57 58 59 61 63 1379.02
39 1 66 6 8 73 9 12 78 14 79 80 83 21 87 23 24 89 26 28 92 29 93 30 31 32 33 99 39 40 48 49 51 53 56 57 58 59 61 63 1147.32
36 66 6 8 73 9 12 78 14 79 80 83 21 87 23 89 26 28 92 29 93 31 32 33 99 39 40 48 49 51 53 56 57 58 59 61 63 977.78
34 66 6 8 73 9 12 78 14 79 80 21 87 23 89 26 28 92 29 93 31 32 33 99 39 48 49 51 53 56 57 58 59 61 63 1074.59
33 66 6 8 73 9 12 78 14 79 80 21 23 89 26 28 92 29 93 31 32 33 99 39 48 49 51 53 56 57 58 59 61 63 629.10
32 66 6 8 73 9 12 78 14 79 80 21 23 89 26 28 92 29 93 31 32 33 99 39 48 49 51 53 57 58 59 61 63 465.78
31 66 6 8 73 9 78 14 79 80 21 23 89 26 28 92 29 93 31 32 33 99 39 48 49 51 53 57 58 59 61 63 21.25
30 66 6 8 73 9 78 14 79 80 21 23 89 26 28 92 29 93 31 32 33 99 39 48 49 51 53 58 59 61 63 212.47
29 66 6 8 73 9 78 14 79 80 21 23 89 26 28 92 29 93 31 32 33 99 39 48 51 53 58 59 61 63 361.19
27 66 6 8 9 78 14 79 80 21 23 89 26 28 92 29 93 31 32 99 39 48 51 53 58 59 61 63 43.67
26 66 6 8 9 78 14 79 80 21 89 26 28 92 29 93 31 32 99 39 48 51 53 58 59 61 63 116.14
24 32 66 99 6 39 8 9 78 79 80 48 51 21 53 89 26 59 28 92 29 93 61 31 63 780.18
23 32 66 99 6 39 8 9 78 79 80 48 51 21 53 89 26 59 28 92 29 93 31 63 128.09
22 66 99 6 39 8 9 78 79 80 48 51 21 53 89 26 59 28 92 29 93 31 63 826.76
21 66 99 6 39 8 9 78 79 80 48 51 21 53 26 59 28 92 29 93 31 63 93.16
20 66 99 6 39 8 9 78 80 48 51 21 53 26 59 28 92 29 93 31 63 232.28
19 66 99 6 39 8 9 78 80 48 51 21 53 26 28 92 29 93 31 63 69.68
17 99 6 39 8 9 80 48 51 21 53 26 28 92 29 93 31 63 1785.66
15 99 6 39 8 9 80 48 51 53 28 92 29 93 31 63 129.12
14 99 6 39 8 80 48 51 53 28 92 29 93 31 63 333.83
13 99 6 39 8 80 48 51 53 28 92 29 93 31 101.96
12 80 48 99 53 6 39 8 28 92 29 93 31 212.19
11 80 48 99 53 6 39 8 28 92 93 31 36.74
10 80 48 99 53 6 39 28 92 93 31 213.84
9 80 48 53 6 39 28 92 93 31 214.44
8 48 53 6 39 28 92 93 31 147.74
7 48 53 39 28 92 93 31 512.16
6 48 53 39 28 92 93 427.55
5 48 53 39 92 93 60.00
4 53 39 92 93 57.00
4 0 53 92 93 51.48
3 0 53 93 13.00
2 0 53 2.00
1 0 3163.00
61917.35
1100_QR 1200_QR 25_COPY 50_XPY 20_XPY 20_XPY 650_SUM 35_XPY 1300_QR 1300_QR 1000_QR 20_XPY 200_SUM 10_COPY 200_SUM 20_XPY 40_COPY 35_XPY 10_COPY 1100_QR 35_XPY 1300_QR 35_XPY 200_SUM 1200_QR 20_XPY 1300_QR 20_XPY 55_COPY 1300_QR 1200_QR 650_SUM 200_SUM 1200_QR 35_XPY 50_XPY 35_XPY 20_XPY 65_XPY 55_COPY 350_SUM 40_COPY 500_SUM 20_XPY 65_XPY 500_SUM 65_XPY 65_XPY 55_COPY 1200_QR 1100_QR 1300_QR 50_XPY 650_SUM 35_XPY 65_XPY 500_SUM 1200_QR 500_SUM 500_SUM 65_XPY 200_SUM 65_XPY 1300_QR 40_COPY 50_XPY 500_SUM 40_COPY 25_COPY 65_XPY 35_XPY 25_COPY 65_XPY 1200_QR 35_XPY 1100_QR 1100_QR 25_COPY 500_SUM 200_SUM 1300_QR 20_XPY 1000_QR 350_SUM 25_COPY 25_COPY 25_COPY 350_SUM 50_XPY 200_SUM 10_COPY 10_COPY 650_SUM 650_SUM 25_COPY 40_COPY 50_XPY 50_XPY 50_XPY 1300_QR 