99
4 71 64 81 94 995.61
5 64 38 71 94 63 927.92
6 3 38 71 10 94 63 1094.80
7 3 38 70 10 59 94 63 1253.24
8 1 3 38 70 6 10 59 63 1135.00
9 96 1 3 38 6 10 59 12 63 843.90
10 96 1 33 3 6 10 90 59 12 63 334.87
10 96 1 33 99 6 10 90 59 12 63 83.31
11 96 48 1 33 99 4 10 90 59 12 63 1976.26
12 96 48 1 33 99 4 24 10 90 12 77 63 778.53
13 96 1 33 99 4 36 73 10 12 77 48 24 63 258.14
14 96 1 33 66 99 4 36 73 10 12 77 48 24 95 1983.21
15 96 1 33 66 99 4 36 73 10 42 12 78 48 24 95 83.09
16 96 1 66 99 67 4 36 73 10 42 12 78 48 22 24 95 754.50
15 96 1 66 99 67 4 36 73 42 12 78 48 22 24 95 833.03
16 96 1 66 99 67 4 36 73 42 12 78 50 52 22 24 95 41.57
17 96 66 99 67 4 36 73 42 12 78 50 52 53 22 24 89 95 320.67
16 96 66 99 67 4 36 42 12 78 50 52 53 22 24 89 95 954.27
17 96 66 99 67 4 36 5 42 12 78 50 52 53 22 89 29 95 1173.40
18 96 99 67 4 36 5 37 42 12 78 50 52 20 53 22 89 29 95 472.08
19 96 99 67 4 36 5 37 9 42 12 50 52 20 53 85 22 89 29 95 970.00
20 96 99 67 36 5 37 9 42 12 46 50 52 20 53 85 22 89 27 29 95 133.91
21 96 99 67 36 5 37 9 42 74 12 46 50 52 20 85 22 89 57 27 29 95 2179.91
20 96 67 36 5 37 9 42 74 12 46 50 52 20 85 22 89 57 27 29 95 1007.24
20 96 67 36 5 37 9 42 12 46 80 50 52 20 85 22 89 57 27 29 95 224.42
19 96 67 36 5 37 9 42 12 46 80 52 20 85 22 89 57 27 29 95 790.63
20 96 67 35 36 5 37 9 42 12 46 14 80 52 20 85 22 89 57 27 29 807.18
19 96 67 35 36 5 37 9 42 12 46 14 80 52 20 85 89 57 27 29 151.75
20 96 98 67 35 36 37 8 9 42 12 46 14 80 52 20 85 89 57 27 29 220.45
21 96 98 67 35 36 37 8 9 42 46 14 80 52 20 85 54 89 57 26 27 29 383.59
21 98 67 35 36 37 8 9 42 46 14 80 52 20 85 54 89 57 26 27 29 61 1463.76
22 98 67 35 36 37 8 9 41 42 46 14 80 17 52 20 54 89 57 26 27 29 61 686.98
23 98 67 35 36 37 8 9 41 42 46 14 80 17 18 52 20 54 89 57 26 58 27 61 96.94
24 98 67 35 36 37 8 41 42 75 46 14 80 17 18 52 20 54 55 89 57 26 58 27 61 421.10
23 98 67 35 36 37 8 41 42 75 46 14 80 17 18 20 54 55 89 57 26 58 27 61 1046.14
24 98 67 35 36 37 8 41 42 75 46 14 80 17 18 20 54 55 23 57 26 58 27 60 61 862.83
23 98 67 35 36 37 8 41 42 75 46 80 17 18 20 54 55 23 57 26 58 27 60 61 610.84
24 98 67 35 36 37 8 41 75 13 46 15 80 17 18 20 54 55 23 57 26 58 27 60 61 169.97
23 98 35 36 37 8 41 75 13 46 15 80 17 18 20 54 55 23 57 26 58 27 60 61 362.42
22 98 35 36 37 8 41 75 13 15 80 17 18 20 54 55 23 57 26 58 27 60 61 686.79
23 98 35 36 8 41 75 13 15 80 17 18 19 20 54 55 23 57 26 58 27 60 61 30 243.90
22 98 35 36 8 41 75 13 15 80 17 18 19 20 54 55 23 57 26 58 60 61 30 691.22
21 98 36 8 41 75 13 15 80 17 18 19 20 54 55 23 57 26 58 60 61 30 85.30
20 98 36 8 41 75 13 15 17 18 19 20 54 55 23 57 26 58 60 61 30 225.51
19 98 36 8 41 75 13 15 18 19 20 54 55 23 57 26 58 60 61 30 549.16
20 98 36 8 41 75 13 15 47 19 20 84 54 55 23 57 26 58 60 61 30 1333.85
21 65 2 36 8 41 75 13 15 47 19 20 84 54 55 23 57 26 58 60 61 30 628.56
20 65 2 36 8 41 75 13 15 47 19 20 84 54 55 23 26 58 60 61 30 697.03
19 65 2 36 8 41 13 15 47 19 20 84 54 55 23 26 58 60 61 30 186.08
20 65 2 36 40 41 13 15 47 19 20 84 54 86 55 23 26 58 60 61 30 218.54
21 65 2 36 40 41 13 45 15 47 19 20 84 54 86 55 23 58 60 61 30 62 7.93
22 32 65 2 36 40 41 45 15 47 19 20 84 54 86 55 23 58 60 92 61 30 62 940.74
23 32 65 2 36 68 40 41 43 45 15 47 19 20 84 86 55 23 58 60 92 61 30 62 87.13
22 32 65 2 36 68 40 41 43 45 15 47 19 20 84 86 55 58 60 92 61 30 62 1534.72
21 32 65 2 36 68 40 41 43 45 15 47 19 20 86 55 58 60 92 61 30 62 1811.40
20 32 65 2 68 40 41 43 45 15 47 19 20 86 55 58 60 92 61 30 62 886.38
19 32 65 2 68 40 41 43 45 15 47 19 86 55 58 60 92 61 30 62 670.43
18 32 65 2 68 41 43 45 15 47 19 86 55 58 60 92 61 30 62 179.45
17 32 65 2 68 43 45 15 47 19 86 55 58 60 92 61 30 62 279.75
18 32 65 97 2 68 43 45 15 47 19 51 86 55 58 60 92 30 62 464.14
19 32 65 97 2 43 45 15 47 82 19 51 86 55 25 58 60 92 30 62 1103.63
18 32 65 97 2 43 45 15 47 82 19 51 55 25 58 60 92 30 62 183.94
17 65 97 2 43 45 15 47 82 19 51 55 25 58 60 92 30 62 207.32
16 65 97 2 43 45 15 47 82 19 51 55 25 58 60 30 62 66.84
15 65 97 2 43 45 15 47 82 19 51 55 25 58 60 62 194.26
14 65 97 2 43 45 15 47 82 19 51 25 58 60 62 504.07
15 65 97 2 43 44 15 47 82 19 51 21 25 58 60 62 330.84
14 65 97 2 43 44 15 47 82 19 51 21 25 58 62 1086.62
15 65 97 2 43 44 47 82 19 51 21 88 25 58 91 62 78.81
16 65 97 2 39 43 44 76 47 82 19 51 21 88 25 58 91 545.33
15 65 97 2 39 43 44 76 47 82 51 21 88 25 58 91 1108.56
16 65 97 2 39 43 11 44 76 47 82 51 21 88 25 91 28 2892.53
14 65 97 2 39 43 11 76 47 82 51 88 25 91 28 497.23
13 65 97 2 39 43 11 76 47 51 88 25 91 28 840.47
12 65 97 2 51 39 88 25 43 11 91 76 28 109.72
11 65 97 2 51 88 25 43 11 91 76 28 938.37
10 65 97 51 88 25 43 11 91 76 28 49.45
9 97 51 88 25 43 11 91 76 28 262.00
8 97 51 88 25 43 11 76 28 599.16
9 97 34 51 88 72 25 11 76 28 36.70
10 97 34 7 88 72 56 25 11 76 28 483.26
9 97 34 7 72 56 25 11 76 28 366.39
8 97 34 7 72 56 25 11 28 570.72
7 97 34 7 72 56 25 11 668.70
8 34 7 72 56 25 11 93 79 241.07
7 34 72 56 25 11 93 79 913.88
6 34 72 25 11 93 79 1342.32
5 72 25 11 93 79 138.00
5 0 72 11 93 79 52.00
4 0 11 93 79 2.00
3 0 11 93 127.00
2 0 11 1615.00
1 0 3819.00
2 83 87 855.00
3 49 83 69 565.00
4 16 49 69 31 2212.00
3 16 49 31 1017.00
2 16 49 3917.00
1 16 565.00
72401.67
40_COPY 650_SUM 40_COPY 1100_QR 650_SUM 50_XPY 10_COPY 10_COPY 65_XPY 1000_QR 40_COPY 55_COPY 1300_QR 10_COPY 10_COPY 1200_QR 55_COPY 35_XPY 35_XPY 1200_QR 40_COPY 50_XPY 500_SUM 350_SUM 350_SUM 55_COPY 65_XPY 500_SUM 1100_QR 65_XPY 1100_QR 1100_QR 350_SUM 1000_QR 1100_QR 350_SUM 55_COPY 1100_QR 650_SUM 350_SUM 10_COPY 650_SUM 1200_QR 40_COPY 50_XPY 1000_QR 65_XPY 1300_QR 65_XPY 55_COPY 50_XPY 1200_QR 1100_QR 200_SUM 500_SUM 1200_QR 350_SUM 650_SUM 1300_QR 1100_QR 1200_QR 1200_QR 500_SUM 40_COPY 350_SUM 40_COPY 50_XPY 1200_QR 10_COPY 650_SUM 35_XPY 500_SUM 25_COPY 10_COPY 20_XPY 350_SUM 25_COPY 200_SUM 10_COPY 350_SUM 1000_QR 200_SUM 500_SUM 10_COPY 35_XPY 350_SUM 350_SUM 200_SUM 1100_QR 25_COPY 10_COPY 65_XPY 50_XPY 1000_QR 650_SUM 25_COPY 1300_QR 1300_QR 1000_QR 1200_QR 