48
1 34 7711.00
2 38 28 3505.00
3 33 4 28 2110.00
4 33 4 6 41 278.00
6 2 36 6 22 41 31 1341.00
7 2 6 22 41 42 29 31 1563.46
8 49 2 6 39 41 42 29 31 523.98
7 49 2 6 39 41 29 31 796.74
8 49 6 39 24 41 44 29 31 22.00
8 49 6 24 41 44 29 45 31 1016.42
9 49 21 6 24 41 44 12 29 45 325.00
8 49 21 6 24 41 44 12 29 544.49
7 49 21 6 24 41 44 12 472.00
6 49 21 6 24 41 44 507.04
7 49 35 21 6 24 44 14 227.34
8 49 35 20 21 37 24 44 14 379.00
7 49 35 20 21 37 24 14 350.45
6 49 35 20 37 24 14 753.00
5 49 35 20 37 14 224.00
6 49 35 3 37 40 14 976.21
7 49 35 3 19 40 14 30 157.60
8 17 35 3 19 40 11 14 30 871.06
9 17 3 19 40 25 10 11 14 30 1132.91
8 17 3 19 40 25 10 14 30 209.00
9 48 17 3 19 40 8 10 14 30 1182.90
10 48 17 18 3 19 40 8 13 14 30 735.92
11 48 17 18 19 40 8 9 13 14 30 15 866.14
10 17 18 19 40 8 9 13 14 30 15 310.04
11 32 17 18 19 7 40 8 9 13 30 15 483.92
10 32 18 19 7 40 8 9 13 30 15 235.80
9 32 19 7 40 8 9 13 30 15 497.32
8 32 19 7 40 8 9 13 30 1346.79
7 32 19 7 40 9 13 30 290.75
8 32 1 19 7 9 13 30 47 842.61
9 16 1 19 7 9 43 13 30 47 482.44
9 16 1 19 7 9 26 43 13 47 457.44
10 16 1 5 7 23 9 26 43 13 47 1479.06
11 16 1 5 23 9 26 43 27 13 46 47 547.69
10 16 1 5 23 26 43 27 13 46 47 44.89
9 16 1 5 23 43 27 13 46 47 1423.12
8 16 1 5 23 43 27 46 47 147.80
7 16 1 5 23 43 27 47 223.00
5 1 5 23 27 47 113.29
5 0 1 5 23 27 1062.77
4 0 1 23 27 1208.00
3 0 23 27 1851.00
2 0 23 1250.00
1 23 59.00
43138.39
1300_QR 40_COPY 1100_QR 1100_QR 35_XPY 1100_QR 1300_QR 25_COPY 500_SUM 1200_QR 10_COPY 200_SUM 20_XPY 40_COPY 40_COPY 200_SUM 65_XPY 500_SUM 200_SUM 1300_QR 10_COPY 350_SUM 1000_QR 55_COPY 65_XPY 20_XPY 35_XPY 40_COPY 40_COPY 1100_QR 40_COPY 650_SUM 1000_QR 35_XPY 55_COPY 500_SUM 20_XPY 1000_QR 25_COPY 20_XPY 40_COPY 1300_QR 10_COPY 65_XPY 50_XPY 20_XPY 200_SUM 1100_QR 10_COPY 40_COPY 