199
1 199 3492.00
1 198 4595.00
2 196 197 2137.00
1 197 1092.00
2 194 195 2777.00
2 193 195 2496.00
1 193 996.00
2 192 190 855.00
1 192 3184.00
1 191 1496.00
1 189 1420.00
4 183 186 187 188 1341.00
3 183 186 188 155.00
4 183 184 185 188 715.83
3 184 185 188 192.00
2 185 188 639.00
1 188 4669.00
1 182 5273.00
2 179 181 2304.00
2 179 180 473.00
1 180 3566.00
1 178 3492.00
2 177 174 2304.00
3 176 174 175 2291.00
2 176 175 486.00
1 176 1818.00
2 172 173 2388.00
2 171 173 2885.00
1 171 344.00
1 170 1420.00
2 168 169 2137.00
3 166 167 168 1496.00
2 167 168 962.00
2 165 167 3157.00
3 163 164 165 335.00
2 163 164 1085.00
2 161 163 717.00
2 161 162 1420.00
1 162 3175.00
1 160 2304.00
1 159 855.00
2 157 158 2137.00
2 155 158 1355.00
2 155 156 1422.00
1 156 6289.00
1 154 3229.00
3 150 152 153 1341.00
2 150 153 963.00
2 150 151 855.00
1 150 346.00
1 149 855.00
2 146 148 2388.00
1 148 841.00
2 145 147 855.00
2 145 143 1420.00
1 145 2320.00
1 144 3505.00
2 141 142 1341.00
2 139 141 2137.00
1 141 14.00
2 137 140 3505.00
1 140 2110.00
1 138 4595.00
1 136 2777.00
1 135 3229.00
1 134 7711.00
2 132 133 1341.00
1 133 2151.00
2 130 131 2304.00
2 128 130 473.00
2 128 129 1664.00
2 129 126 640.00
3 125 126 127 2852.00
2 125 127 377.00
1 127 810.00
1 124 5273.00
2 120 123 3505.00
1 123 1090.00
2 121 122 3229.00
1 121 810.00
2 118 119 3505.00
3 113 117 118 534.00
2 113 117 1854.00
1 117 1117.00
2 116 111 3229.00
1 116 263.00
1 115 2137.00
1 114 2777.00
3 112 107 110 1341.00
4 112 106 107 108 1341.00
4 112 101 107 108 155.00
3 112 101 107 655.00
3 101 104 109 855.00
3 101 104 105 565.00
3 101 103 105 547.00
2 103 105 2380.00
2 102 103 1420.00
1 103 926.00
1 100 3229.00
2 98 99 3229.00
2 97 98 2137.00
2 98 94 2345.00
2 96 94 1147.00
1 96 4126.00
1 95 5615.00
2 88 93 4595.00
1 93 3116.00
3 90 91 92 2777.00
2 90 92 728.00
2 87 90 3505.00
1 90 701.00
1 89 1496.00
2 85 86 3229.00
2 82 86 276.00
2 82 84 579.00
1 84 2198.00
1 83 2137.00
2 81 79 855.00
1 81 641.00
1 80 3505.00
2 77 78 2777.00
2 76 77 1420.00
1 77 3514.00
2 74 75 1420.00
2 72 74 884.00
2 72 73 2608.00
1 73 884.00
1 71 2777.00
2 69 70 3492.00
1 70 1781.00
3 66 67 68 1496.00
3 65 67 68 892.00
2 65 68 1496.00
1 68 711.00
1 64 1341.00
2 62 63 1496.00
2 61 62 3099.00
1 61 1496.00
2 59 60 3229.00
1 60 4482.00
1 58 1341.00
1 57 4039.00
1 56 1420.00
1 55 4595.00
1 54 2137.00
3 50 52 53 1420.00
2 50 53 1809.00
2 49 53 810.00
2 49 51 1496.00
1 49 1186.00
1 48 3505.00
2 46 47 3492.00
1 46 13.00
2 44 45 3229.00
1 45 2044.00
2 41 43 1496.00
1 43 1281.00
2 40 42 855.00
1 42 1922.00
1 39 3492.00
2 35 38 3229.00
2 35 37 263.00
2 34 37 855.00
1 37 3477.00
1 36 1341.00
2 33 31 2304.00
2 32 31 925.00
1 32 4690.00
1 30 5273.00
2 26 29 1496.00
2 26 28 1420.00
2 26 27 1679.00
1 27 3594.00
2 19 25 3505.00
2 19 24 2110.00
1 24 5601.00
2 22 23 1341.00
1 23 2698.00
1 21 3505.00
2 18 20 1496.00
2 17 20 6215.00
2 16 17 1496.00
2 16 15 1733.00
1 15 3540.00
1 14 3505.00
1 13 3492.00
1 12 855.00
1 11 1420.00
2 4 10 855.00
3 4 8 9 1449.00
2 8 9 855.00
1 9 1735.00
1 7 2137.00
1 6 5273.00
1 5 7711.00
2 2 3 1341.00
2 1 3 796.00
1 1 545.00
1 0 2777.00
422173.83
650_SUM 20_XPY 20_XPY 500_SUM 1000_QR 55_COPY 1300_QR 500_SUM 1000_QR 1200_QR 200_SUM 10_COPY 200_SUM 50_XPY 25_COPY 1300_QR 1100_QR 55_COPY 350_SUM 40_COPY 55_COPY 25_COPY 20_XPY 1200_QR 55_COPY 25_COPY 65_XPY 1300_QR 10_COPY 350_SUM 1300_QR 1100_QR 40_COPY 1000_QR 200_SUM 50_XPY 20_XPY 65_XPY 1100_QR 50_XPY 200_SUM 350_SUM 650_SUM 650_SUM 1100_QR 1300_QR 25_COPY 50_XPY 25_COPY 50_XPY 1100_QR 350_SUM 10_COPY 1200_QR 500_SUM 65_XPY 10_COPY 1200_QR 20_XPY 1100_QR 55_COPY 65_XPY 65_XPY 350_SUM 20_XPY 35_XPY 350_SUM 35_XPY 65_XPY 50_XPY 1300_QR 650_SUM 50_XPY 50_XPY 1000_QR 10_COPY 10_COPY 55_COPY 650_SUM 200_SUM 25_COPY 350_SUM 200_SUM 500_SUM 650_SUM 1100_QR 25_COPY 25_COPY 65_XPY 350_SUM 55_COPY 650_SUM 25_COPY 55_COPY 50_XPY 40_COPY 1300_QR 500_SUM 55_COPY 1100_QR 1100_QR 650_SUM 10_COPY 1300_QR 10_COPY 50_XPY 20_XPY 50_XPY 350_SUM 200_SUM 20_XPY 1100_QR 50_XPY 35_XPY 650_SUM 500_SUM 50_XPY 25_COPY 1200_QR 25_COPY 25_COPY 1200_QR 1100_QR 65_XPY 1300_QR 1100_QR 50_XPY 1200_QR 500_SUM 1000_QR 650_SUM 1000_QR 20_XPY 50_XPY 55_COPY 1100_QR 650_SUM 25_COPY 65_XPY 500_SUM 40_COPY 50_XPY 20_XPY 10_COPY 25_COPY 65_XPY 35_XPY 200_SUM 1100_QR 200_SUM 25_COPY 200_SUM 20_XPY 1000_QR 1100_QR 650_SUM 55_COPY 500_SUM 50_XPY 200_SUM 1000_QR 500_SUM 65_XPY 500_SUM 10_COPY 50_XPY 350_SUM 40_COPY 65_XPY 500_SUM 10_COPY 1100_QR 35_XPY 1300_QR 65_XPY 650_SUM 65_XPY 1000_QR 50_XPY 650_SUM 1200_QR 1000_QR 1300_QR 500_SUM 200_SUM 350_SUM 350_SUM 20_XPY 55_COPY 10_COPY 200_SUM 350_SUM 1200_QR 50_XPY 650_SUM 1300_QR 500_SUM 1100_QR 65_XPY 50_XPY 