87
40 74 64 51 77 98 83 81 56 10 20 28 62 72 54 67 1 45 63 3 7 16 35 69 6 21 55 68 5 4 26 15 27 40 48 50 52 22 46 23 31 8296.72
40 64 1 67 3 68 4 69 5 6 7 72 74 10 77 15 16 81 83 20 21 22 87 26 27 28 98 35 40 45 46 48 49 50 51 52 54 55 56 62 63 1097.55
40 64 1 67 3 68 4 69 5 7 72 74 10 77 15 16 81 83 20 22 87 25 26 27 28 98 35 40 44 45 46 48 49 50 51 52 54 55 56 62 63 3074.67
40 1 67 3 68 4 69 5 7 72 10 77 15 16 81 83 20 22 87 25 26 27 28 98 35 40 44 45 46 48 49 50 52 53 54 55 56 57 60 62 63 2023.32
40 1 67 3 68 4 69 5 7 72 10 77 15 16 81 83 20 22 87 88 25 89 26 27 28 98 35 40 44 45 46 48 49 53 54 55 56 57 60 62 63 413.60
40 1 67 3 68 4 69 5 7 72 10 77 14 15 16 81 83 20 22 87 88 25 89 26 27 28 98 40 44 45 46 48 49 53 54 55 56 57 60 62 63 1707.86
39 1 67 3 68 4 69 5 7 72 10 77 14 15 16 81 83 20 22 88 25 89 26 27 28 98 40 44 45 46 48 49 53 54 55 56 57 60 62 63 45.24
40 1 67 3 68 4 5 7 72 10 76 77 14 15 16 81 83 20 22 88 25 89 26 27 28 98 39 40 44 45 46 48 49 53 54 55 56 57 60 62 63 1014.61
39 1 67 3 68 4 5 7 72 10 76 77 14 15 81 83 20 22 88 25 89 26 27 28 98 39 40 44 45 46 48 49 53 54 55 56 57 60 62 63 1009.89
38 1 67 3 68 4 5 7 72 10 76 77 14 15 81 83 20 22 88 25 89 26 27 28 98 39 40 44 45 46 48 49 53 54 55 57 60 62 63 155.10
37 1 67 3 68 4 5 72 10 76 77 14 15 81 83 20 22 88 25 89 26 27 28 98 39 40 44 45 46 48 49 53 54 55 57 60 62 63 528.24
36 1 67 3 68 4 5 72 10 76 77 14 15 81 83 20 22 88 25 89 26 27 28 98 39 40 44 45 46 48 49 53 54 55 57 62 63 1364.66
35 1 65 67 3 68 4 5 72 10 76 77 13 14 18 83 20 22 86 88 25 89 26 28 98 39 44 45 46 49 53 54 55 57 62 63 64.62
34 1 65 67 68 4 5 72 10 76 77 13 14 18 83 20 22 86 88 25 89 26 28 98 39 44 45 46 49 53 54 55 57 62 63 828.82
36 1 65 67 4 5 72 10 75 76 77 13 14 18 83 20 22 86 88 25 89 26 91 28 98 39 41 43 44 45 46 49 53 54 57 62 63 1212.97
37 1 65 67 4 5 72 10 75 76 77 13 14 18 83 20 22 86 25 89 26 91 28 92 32 98 39 41 43 44 45 46 49 53 54 57 62 63 1617.38
36 1 65 67 4 5 72 10 75 76 77 13 14 18 83 20 22 86 25 89 26 91 28 92 32 98 39 41 43 44 45 46 49 53 54 57 63 32.46
35 1 65 67 4 5 71 72 75 76 77 13 14 18 83 22 86 25 89 26 91 92 32 98 99 39 41 43 44 45 46 49 53 54 57 63 2531.69
34 1 65 67 4 5 71 72 75 76 77 13 14 80 18 83 86 25 89 26 91 92 32 98 99 39 41 43 44 45 49 53 54 57 63 361.90
33 1 65 67 4 5 71 72 75 76 77 13 14 80 18 83 86 25 89 26 91 92 32 98 99 39 41 43 44 45 49 53 54 63 17.40
32 1 65 67 4 5 71 72 75 76 77 13 80 18 83 86 25 89 26 91 92 32 98 99 39 41 43 44 45 49 53 54 63 338.41
33 1 65 67 4 5 71 72 75 76 77 13 80 18 82 83 86 25 89 26 91 92 32 98 34 99 39 41 43 45 49 53 54 63 732.78
34 1 65 66 67 4 5 71 72 75 76 77 13 80 18 82 83 86 25 89 26 91 92 32 98 34 99 38 39 41 43 45 49 53 54 205.38
34 1 65 66 67 4 71 72 75 76 77 13 80 18 82 83 86 25 89 26 91 92 32 98 34 99 38 39 41 43 45 49 53 54 61 160.70
33 1 65 66 67 4 71 72 75 76 77 13 80 18 82 83 86 25 89 26 91 92 32 98 34 99 38 39 41 43 49 53 54 61 57.85
32 65 66 67 4 71 72 75 76 77 13 80 18 82 83 86 25 89 26 91 92 32 98 34 99 38 39 41 43 49 53 54 61 72.78
32 66 67 4 71 72 75 76 77 13 80 18 82 83 86 25 89 26 91 92 93 32 98 34 99 38 39 41 43 49 53 54 61 458.50
32 66 67 4 71 72 75 76 77 13 80 17 18 82 83 86 25 89 26 91 92 93 32 98 34 99 38 39 41 49 53 54 61 203.78
31 66 67 4 71 72 75 76 77 13 80 17 18 82 83 86 25 89 26 91 92 93 32 98 34 99 38 39 49 53 54 61 2232.61
30 66 67 4 71 72 75 76 77 13 17 18 82 83 86 25 89 26 91 92 93 32 98 34 99 38 39 49 53 54 61 591.49
29 66 67 4 71 72 75 76 77 13 17 18 82 83 86 25 89 26 91 92 93 32 98 99 38 39 49 53 54 61 1928.37
28 66 67 4 71 72 75 76 77 13 17 18 82 83 86 25 89 26 91 92 93 32 98 99 38 39 53 54 61 1074.59
28 66 67 4 71 72 75 11 76 77 13 17 18 82 83 86 25 89 26 91 92 93 98 99 38 39 53 54 61 1331.32
27 66 67 4 71 72 75 11 76 77 13 17 18 82 83 86 25 89 26 91 92 93 98 99 38 39 54 61 228.10
28 66 67 4 71 72 75 11 76 77 13 17 18 82 83 86 25 89 26 91 92 93 95 33 98 99 39 54 61 104.71
27 66 67 4 71 72 75 11 76 77 13 17 18 82 83 86 25 89 91 92 93 95 33 98 99 39 54 61 148.81
26 66 67 71 72 75 11 76 77 13 17 18 82 83 86 25 89 91 92 93 95 33 98 99 39 54 61 80.21
25 66 67 71 72 75 11 77 13 17 18 82 83 86 25 89 91 92 93 95 33 98 99 39 54 61 833.66
26 66 67 70 71 72 75 11 77 13 17 18 82 83 86 25 89 91 92 93 95 33 98 39 54 59 61 240.07
25 66 67 70 71 72 75 11 77 13 17 18 82 83 86 25 91 92 93 95 33 98 39 54 59 61 704.29
24 33 66 98 67 70 71 39 72 75 11 77 13 17 18 83 86 54 25 91 59 92 93 61 95 1341.18
23 33 66 98 67 70 71 39 72 75 11 77 13 17 18 83 86 54 25 91 59 92 61 95 135.91
22 66 98 67 70 71 39 72 75 11 77 13 17 18 83 86 54 25 91 59 92 61 95 299.58
22 97 66 67 70 71 39 72 75 11 77 13 17 18 83 86 54 25 91 59 92 61 95 442.24
21 97 66 67 70 71 39 72 75 11 77 13 17 18 86 54 25 91 59 92 61 95 492.92
20 97 66 67 70 71 72 75 11 77 13 17 18 86 54 25 91 59 92 61 95 558.72
21 97 66 2 67 70 71 72 75 11 77 13 79 17 18 54 25 91 59 92 61 95 104.62
22 96 97 66 2 67 70 71 72 75 11 13 79 17 18 54 24 25 91 59 92 61 95 80.84
22 96 97 66 2 67 70 71 75 11 13 79 17 18 54 24 25 91 59 92 61 94 95 872.99
21 96 97 66 2 67 70 71 75 11 13 79 17 18 54 24 91 59 92 61 94 95 794.63
20 96 97 66 2 67 70 71 75 11 13 79 17 54 24 91 59 92 61 94 95 448.14
19 96 97 66 2 67 70 75 11 13 79 17 54 24 91 59 92 61 94 95 1248.21
18 96 97 66 2 67 70 75 11 13 79 17 54 24 91 59 92 61 94 154.27
19 96 97 2 67 37 70 75 11 13 79 17 54 24 90 91 59 92 61 94 1047.60
18 96 97 2 67 37 70 75 11 13 79 54 24 90 91 59 92 61 94 1388.99
19 96 97 2 67 37 70 9 75 11 13 79 85 24 90 91 59 92 61 94 502.32
20 96 97 2 36 37 70 9 73 75 11 13 79 85 24 90 91 59 92 61 94 1190.44
19 96 97 2 36 37 70 9 73 75 11 13 79 85 24 90 59 92 61 94 111.33
20 97 2 36 37 70 9 73 42 75 11 13 79 85 24 90 59 92 61 29 94 551.61
21 97 2 36 37 70 8 9 73 42 75 11 79 85 24 90 58 59 92 61 29 94 627.69
22 97 2 36 37 70 8 9 73 42 75 11 79 47 84 85 24 90 58 59 61 29 94 1766.14
23 97 2 36 37 70 8 9 73 42 75 11 12 78 79 47 84 85 90 58 59 61 29 94 80.74
22 97 2 36 37 70 8 9 73 42 75 12 78 79 47 84 85 90 58 59 61 29 94 224.58
21 2 36 37 70 8 9 73 42 75 12 78 79 47 84 85 90 58 59 61 29 94 133.86
20 2 36 37 8 9 73 42 75 12 78 79 47 84 85 90 58 59 61 29 94 487.92
19 2 36 8 9 73 42 75 12 78 79 47 84 85 90 58 59 61 29 94 4.10
18 2 36 9 73 42 75 12 78 79 47 84 85 90 58 59 61 29 94 384.20
19 2 36 9 42 75 12 78 79 47 19 84 85 90 58 59 61 29 94 30 327.16
18 2 36 9 42 75 12 78 79 47 19 84 85 90 58 59 29 94 30 975.12
17 2 36 9 75 12 78 79 47 19 84 85 90 58 59 29 94 30 673.26
16 2 36 75 12 78 79 47 19 84 85 90 58 59 29 94 30 171.91
15 2 36 75 12 78 79 47 19 85 90 58 59 29 94 30 476.95
14 2 36 75 12 78 79 47 85 90 58 59 29 94 30 731.19
13 2 36 12 78 79 47 85 90 58 59 29 94 30 1092.45
12 2 36 90 58 59 12 29 78 94 30 79 47 465.60
11 2 36 58 59 12 29 78 94 30 79 47 175.42
10 2 36 58 12 29 78 94 30 79 47 92.24
9 2 58 12 29 78 94 30 79 47 368.00
8 2 58 12 29 78 94 79 47 473.19
7 2 58 12 78 94 79 47 104.00
6 2 58 78 94 79 47 71.46
5 2 78 94 79 47 122.35
5 0 2 78 94 47 1869.00
4 0 2 78 47 284.00
3 0 78 47 186.00
2 0 78 895.00
1 78 1470.00
65627.18
1100_QR 25_COPY 55_COPY 1000_QR 1300_QR 1200_QR 10_COPY 1000_QR 20_XPY 50_XPY 65_XPY 1200_QR 65_XPY 40_COPY 35_XPY 500_SUM 1000_QR 650_SUM 1200_QR 20_XPY 65_XPY 10_COPY 650_SUM 200_SUM 65_XPY 1300_QR 1300_QR 500_SUM 65_XPY 25_COPY 50_XPY 200_SUM 350_SUM 20_XPY 20_XPY 1000_QR 1100_QR 350_SUM 10_COPY 1200_QR 500_SUM 200_SUM 35_XPY 200_SUM 50_XPY 25_COPY 650_SUM 1300_QR 500_SUM 25_COPY 350_SUM 35_XPY 350_SUM 650_SUM 55_COPY 1100_QR 50_XPY 1000_QR 25_COPY 40_COPY 20_XPY 40_COPY 65_XPY 25_COPY 35_XPY 200_SUM 25_COPY 55_COPY 1100_QR 1000_QR 650_SUM 650_SUM 40_COPY 35_XPY 35_XPY 55_COPY 1100_QR 40_COPY 55_COPY 1300_QR 20_XPY 500_SUM 350_SUM 40_COPY 10_COPY 500_SUM 650_SUM 200_SUM 200_SUM 650_SUM 650_SUM 1300_QR 40_COPY 50_XPY 55_COPY 50_XPY 350_SUM 1100_QR 40_COPY 1000_QR 