59
40 86 74 70 36 28 26 0 1 2 31 38 41 61 68 76 96 98 21 43 47 60 69 75 99 17 19 24 34 39 59 53 65 72 84 85 93 12 37 44 62 6877.32
40 1 65 2 68 69 7 72 73 75 76 12 17 19 83 84 21 85 23 24 88 25 93 31 96 98 34 99 37 38 39 41 43 44 47 51 53 59 60 61 62 5590.78
40 1 65 2 69 6 7 72 73 75 12 13 77 78 17 19 83 84 21 85 23 24 88 25 27 93 34 99 37 39 42 43 44 47 51 52 53 58 59 60 62 2023.32
40 1 65 69 6 7 72 73 75 12 13 77 78 17 19 83 84 21 85 23 87 24 88 25 27 93 34 99 37 39 42 43 44 47 51 52 53 58 59 60 62 737.38
40 1 65 69 6 7 72 8 73 12 13 77 78 17 19 83 84 21 85 23 87 24 88 25 27 91 93 34 37 39 42 43 44 47 51 52 53 58 59 60 62 3397.04
40 1 65 69 6 7 72 8 73 12 13 77 78 17 19 83 84 21 85 22 23 87 24 88 25 27 91 93 34 37 39 42 43 44 47 51 52 53 58 60 62 42.75
40 1 65 6 7 72 8 73 11 12 13 77 78 17 19 83 84 85 22 23 87 24 88 25 90 27 91 92 93 94 34 35 37 39 42 44 51 52 53 58 62 2758.74
40 1 65 6 7 72 8 73 11 12 13 77 78 15 83 84 85 22 23 87 88 25 90 27 91 92 93 29 94 33 35 37 42 44 51 52 53 55 58 62 63 3075.75
40 65 66 6 7 72 8 73 11 12 13 77 78 15 83 84 85 22 23 87 88 25 90 27 91 92 93 29 94 33 35 37 42 44 51 52 53 55 58 62 63 125.62
40 65 66 67 6 7 72 73 11 12 13 77 78 15 83 84 85 22 23 87 88 25 90 27 91 92 93 29 94 33 35 37 42 44 51 52 53 55 58 62 63 2753.01
40 65 66 67 4 5 6 7 72 73 10 11 12 13 15 83 84 20 85 22 23 87 88 25 90 91 92 93 29 94 33 35 37 44 46 51 53 55 58 62 63 641.34
40 65 66 67 4 5 6 7 72 73 10 11 12 13 15 83 84 20 85 23 87 88 25 90 91 92 93 29 94 33 35 37 44 46 49 51 53 55 58 62 63 39.67
40 65 66 67 4 5 6 7 72 73 9 10 11 12 13 15 82 83 84 20 85 23 87 88 25 91 93 29 33 37 44 45 46 49 51 53 54 55 58 62 63 775.50
40 65 66 67 4 5 6 7 72 73 9 10 11 12 15 16 82 83 84 20 85 23 87 88 25 91 93 29 33 37 44 45 46 49 51 53 54 55 58 62 63 853.05
40 65 66 67 4 5 6 7 72 73 9 10 11 12 15 16 82 83 84 20 85 23 88 25 91 93 29 33 37 40 44 45 46 49 51 53 54 55 58 62 63 678.56
40 65 66 67 4 5 7 72 73 9 10 11 12 14 15 16 81 82 83 84 20 85 23 88 25 93 29 33 37 40 44 45 46 49 51 53 54 55 58 62 63 3085.39
40 65 66 67 4 5 7 72 73 9 10 11 12 14 15 16 81 82 18 83 84 20 85 88 93 29 32 33 37 40 44 45 46 48 49 53 54 55 58 62 63 1378.78
40 65 66 67 4 5 72 73 9 10 11 12 14 15 16 81 82 18 83 84 20 85 88 93 29 32 33 37 40 44 45 46 48 49 50 53 54 55 58 62 63 6999.98
40 65 66 67 4 5 71 72 73 9 10 11 12 14 15 16 81 82 18 83 84 20 85 88 93 29 32 33 37 40 44 45 46 48 49 50 53 54 55 62 63 1216.50
40 65 66 67 4 5 71 72 73 9 10 11 12 14 15 16 81 82 18 83 84 20 85 88 89 93 29 32 33 37 40 44 45 46 48 49 50 53 54 55 62 611.59
40 65 66 67 4 5 71 72 73 9 10 11 12 14 15 16 81 82 18 83 84 20 85 88 89 93 29 30 32 33 37 40 44 45 46 48 49 50 53 54 62 60.16
40 65 66 67 4 5 71 72 73 9 10 12 14 15 16 81 82 18 83 84 20 85 88 89 93 29 30 32 33 37 40 44 45 46 48 49 50 53 54 57 62 1152.04
40 65 66 67 4 5 71 72 73 9 10 12 15 79 16 81 82 18 83 84 20 85 88 89 93 29 30 32 33 37 40 44 45 46 48 49 50 53 54 57 62 2295.98
40 65 66 67 4 5 71 72 73 9 10 12 15 79 16 80 81 82 18 83 84 20 85 88 89 93 29 30 32 37 40 44 45 46 48 49 50 53 54 57 62 95.11
38 64 66 67 4 5 71 73 9 10 12 15 79 16 80 81 82 18 83 20 88 89 29 30 95 32 97 37 40 44 45 46 48 49 50 54 56 57 62 601.57
36 64 66 67 4 5 71 73 9 10 12 79 16 80 81 82 18 83 20 88 89 30 95 32 97 37 40 44 45 46 48 49 50 54 56 57 62 96.81
33 64 66 67 4 5 71 73 9 10 12 79 16 80 81 82 83 20 88 89 30 95 97 37 40 44 45 46 49 50 54 56 57 62 822.67
32 64 66 67 4 5 71 73 10 12 79 16 80 81 82 83 20 88 89 30 95 97 37 40 44 45 46 49 50 54 56 57 62 561.50
31 64 66 67 4 5 71 73 10 12 79 16 80 81 82 83 20 88 89 30 95 97 37 40 44 45 46 49 54 56 57 62 212.93
30 64 66 67 4 5 71 73 10 12 79 80 81 82 83 20 88 89 30 95 97 37 40 44 45 46 49 54 56 57 62 851.70
29 64 66 67 4 5 71 73 10 12 79 80 81 82 83 20 88 89 30 95 97 37 44 45 46 49 54 56 57 62 508.12
28 64 66 67 4 5 71 73 10 12 79 80 82 83 20 88 89 30 95 97 37 44 45 46 49 54 56 57 62 1102.87
27 64 67 4 5 71 73 10 12 79 80 82 83 20 88 89 30 95 97 37 44 45 46 49 54 56 57 62 86.89
26 64 4 5 71 73 10 12 79 80 82 83 20 88 89 30 95 97 37 44 45 46 49 54 56 57 62 1586.57
25 64 4 5 71 73 10 12 79 80 82 83 20 88 89 30 95 97 37 44 45 46 49 54 57 62 211.06
24 97 4 5 37 71 73 10 12 44 45 46 79 80 49 82 83 20 54 88 89 57 30 62 95 776.90
23 97 4 5 37 73 10 12 44 45 46 79 80 49 82 83 20 54 88 89 57 30 62 95 106.23
21 97 4 5 37 73 10 12 44 45 79 80 49 82 83 54 88 89 57 30 62 95 301.70
20 97 4 5 37 73 10 12 44 45 79 80 49 82 83 88 89 57 30 62 95 59.49
19 97 4 5 37 73 12 44 45 79 80 49 82 83 88 89 57 30 62 95 21.25
18 97 4 5 37 73 12 44 45 79 80 82 83 88 89 57 30 62 95 17.71
17 97 4 5 37 73 12 44 45 79 80 83 88 89 57 30 62 95 193.62
16 97 4 5 37 73 12 44 45 79 80 83 88 57 30 62 95 347.03
15 97 4 37 73 12 44 45 79 80 83 88 57 30 62 95 12.14
14 97 37 73 12 44 45 79 80 83 88 57 30 62 95 573.54
13 97 37 73 12 44 45 79 80 83 88 57 30 95 48.93
12 80 97 83 37 88 73 57 12 45 30 79 95 26.16
11 80 97 83 88 73 57 12 45 30 79 95 532.76
10 80 97 83 88 73 57 45 30 79 95 1687.72
9 80 97 83 73 57 45 30 79 95 36.07
8 80 97 83 73 57 30 79 95 277.48
7 80 97 73 57 30 79 95 217.45
6 80 97 57 30 79 95 116.40
5 80 97 57 79 95 8.73
4 80 97 79 95 206.03
4 80 97 3 95 158.00
3 80 97 3 54.00
2 97 3 28.00
1 3 4355.00
64070.37
20_XPY 25_COPY 350_SUM 65_XPY 1200_QR 1200_QR 1000_QR 25_COPY 10_COPY 500_SUM 1200_QR 1100_QR 55_COPY 1000_QR 350_SUM 1100_QR 500_SUM 65_XPY 350_SUM 65_XPY 1200_QR 50_XPY 10_COPY 25_COPY 65_XPY 25_COPY 20_XPY 1000_QR 20_XPY 1100_QR 650_SUM 35_XPY 350_SUM 1100_QR 65_XPY 10_COPY 20_XPY 55_COPY 35_XPY 65_XPY 500_SUM 35_XPY 1000_QR 50_XPY 55_COPY 1300_QR 1200_QR 50_XPY 350_SUM 1200_QR 350_SUM 25_COPY 1000_QR 40_COPY 1200_QR 1100_QR 200_SUM 650_SUM 25_COPY 65_XPY 50_XPY 35_XPY 55_COPY 1100_QR 200_SUM 40_COPY 1100_QR 1100_QR 35_XPY 50_XPY 20_XPY 350_SUM 40_COPY 55_COPY 20_XPY 50_XPY 35_XPY 1000_QR 1000_QR 650_SUM 650_SUM 500_SUM 1200_QR 55_COPY 40_COPY 40_COPY 20_XPY 1000_QR 55_COPY 350_SUM 10_COPY 1000_QR 10_COPY 40_COPY 10_COPY 650_SUM 35_XPY 650_SUM 35_XPY 50_XPY 