178
21 185 124 177 158 194 155 94 81 51 14 37 86 123 36 144 77 85 127 23 59 21 3438.66
34 194 130 71 138 77 14 15 144 81 17 18 85 21 86 23 155 158 94 36 37 101 176 177 113 49 51 179 52 121 123 59 187 124 127 2571.50
39 194 130 67 132 71 138 10 140 77 14 15 144 81 17 18 85 86 23 153 155 158 94 36 37 101 176 177 113 49 51 179 52 118 121 123 59 187 124 127 1097.55
40 194 130 67 132 134 71 138 10 140 77 14 15 144 81 17 18 20 85 23 153 155 158 94 36 37 101 176 177 113 49 51 179 52 118 184 121 59 187 124 127 642.08
40 194 130 67 132 134 71 138 10 140 77 14 15 144 81 17 18 20 85 23 153 155 158 94 36 37 101 176 177 113 49 51 179 52 118 183 184 121 59 187 127 2569.38
40 194 130 67 132 134 138 10 140 77 14 15 144 81 17 18 20 85 23 153 155 158 94 35 36 37 101 177 113 49 51 179 52 118 54 183 184 121 59 187 127 2300.64
40 194 130 67 132 134 138 10 140 77 14 15 144 81 17 18 20 85 23 153 155 156 158 94 35 36 101 177 113 49 51 179 52 118 54 183 184 121 59 187 127 224.80
40 194 130 67 132 134 199 10 140 77 14 15 144 81 17 18 20 85 23 153 155 156 158 94 35 36 101 177 113 49 51 179 52 118 54 183 184 121 59 187 127 1106.07
40 194 130 67 132 134 199 10 140 77 14 15 144 81 17 18 20 85 23 153 155 156 158 94 35 36 101 113 49 51 179 52 118 54 183 184 121 59 187 190 127 51.29
40 64 194 130 67 132 134 199 10 140 77 14 15 144 81 17 18 85 23 153 155 156 158 94 35 99 36 101 113 49 51 179 52 118 54 183 121 59 187 190 127 636.86
40 64 194 130 67 132 197 134 199 10 140 77 14 15 144 81 17 18 85 23 153 155 156 158 94 160 35 99 36 101 49 51 179 118 54 183 121 59 60 190 127 717.33
40 64 194 130 67 132 197 134 199 10 140 77 15 144 81 17 18 85 23 24 153 155 156 158 94 160 35 99 36 101 49 51 179 118 54 183 121 59 60 190 127 2604.18
40 64 194 130 67 132 197 134 199 10 140 77 144 81 17 18 85 23 24 153 155 156 158 94 160 35 99 36 101 49 51 179 118 54 183 56 121 59 60 190 127 474.24
40 64 194 130 67 132 197 134 198 199 10 140 144 16 81 17 18 23 24 153 155 156 158 94 160 35 99 163 36 101 49 51 179 118 54 183 56 121 59 60 190 895.66
40 64 130 67 132 197 134 198 199 10 140 16 81 17 18 23 24 153 155 156 158 94 30 160 35 99 163 101 175 49 51 179 118 54 183 56 121 122 59 60 190 276.67
40 64 130 67 132 197 198 199 10 140 16 81 17 18 23 24 153 155 156 158 94 30 160 96 35 99 163 101 175 49 51 179 118 54 183 56 121 122 59 60 190 45.24
40 64 130 67 3 132 197 198 199 10 140 16 81 17 18 23 24 153 155 156 158 94 30 160 96 35 99 163 101 175 49 51 118 54 183 56 121 122 59 60 190 762.57
40 64 130 67 3 132 197 198 199 10 140 16 81 17 23 24 153 155 156 158 94 30 31 160 96 35 99 163 101 175 49 51 118 54 183 56 121 122 59 60 190 145.21
40 64 130 67 3 197 198 199 140 16 81 17 23 24 153 155 156 158 94 30 31 160 96 35 99 163 101 41 175 49 51 118 54 183 56 121 122 59 60 125 190 297.45
40 64 130 67 3 197 198 199 140 16 81 17 23 151 24 153 155 156 158 94 30 31 160 96 35 99 163 101 41 175 49 51 118 54 183 56 121 122 59 60 125 1202.02
40 64 130 67 3 197 198 199 140 16 81 17 23 151 24 153 155 156 158 94 30 31 160 96 35 99 163 101 41 45 175 49 51 54 183 56 121 122 59 60 125 1381.85
40 130 67 3 197 198 199 140 16 81 17 23 151 24 153 155 156 158 94 30 31 160 96 35 99 163 101 41 45 175 49 51 54 183 55 56 121 122 59 60 125 764.60
40 130 67 3 197 198 199 140 79 16 81 17 23 151 24 153 155 156 93 158 94 30 31 160 96 35 99 163 41 45 175 49 51 54 183 55 56 122 59 60 125 512.96
40 130 67 3 197 198 199 79 16 81 17 23 151 24 155 156 93 158 94 30 31 160 96 35 99 163 41 105 45 109 175 49 51 54 183 55 56 122 59 60 125 25.71
40 130 67 3 197 198 199 79 16 81 17 23 151 24 155 156 93 158 94 30 31 160 96 35 99 163 41 105 45 109 110 175 49 54 183 55 56 122 59 60 125 29.10
40 130 67 3 197 198 199 79 16 81 17 151 24 155 156 93 158 94 30 31 160 96 35 99 163 41 105 45 109 110 175 49 50 54 183 55 56 122 60 125 61 497.61
40 130 67 3 197 198 199 79 16 81 17 151 24 155 156 93 158 94 30 31 160 96 35 99 163 165 41 105 45 109 110 175 49 50 183 55 56 122 60 125 61 71.80
40 130 67 3 197 198 199 78 79 16 81 17 151 24 155 156 93 158 94 30 31 160 96 35 99 165 41 105 45 109 110 175 49 50 183 55 56 122 60 125 61 892.36
40 130 67 3 197 5 198 199 78 79 16 81 17 151 24 155 156 93 158 94 31 160 96 35 99 165 41 105 45 109 110 175 49 50 183 55 56 122 60 125 61 184.14
40 130 2 67 3 197 5 198 199 78 79 16 81 17 151 24 155 156 93 94 31 160 96 35 99 165 41 105 45 109 110 175 49 50 183 55 56 122 60 125 61 3231.23
40 65 130 2 67 3 197 5 198 78 79 16 81 17 151 24 155 156 93 94 31 160 96 35 99 165 41 105 45 109 110 175 49 50 183 55 56 122 60 125 61 873.00
40 65 130 2 67 3 197 5 198 78 79 16 81 151 24 155 156 93 94 31 160 96 35 99 165 41 105 169 45 109 110 175 49 50 183 55 56 122 60 125 61 428.05
40 65 130 2 67 3 197 5 78 79 81 151 24 155 156 93 94 31 160 96 35 99 165 41 105 169 172 45 109 110 46 175 49 50 183 55 56 122 60 125 61 390.06
40 65 130 2 67 3 197 5 78 79 81 145 151 24 155 93 94 31 160 96 35 99 165 41 105 169 172 45 109 110 46 175 49 50 183 55 56 122 60 125 61 317.97
40 65 130 2 67 3 197 5 78 79 81 145 151 24 155 93 94 31 160 96 162 35 99 165 41 105 169 172 45 109 110 46 175 49 180 183 55 56 122 60 125 193.15
40 65 130 2 67 3 197 5 78 79 81 145 151 24 155 93 94 31 160 96 32 162 35 99 165 41 105 169 172 45 109 110 46 49 180 183 55 56 60 188 125 4088.14
40 65 130 2 67 3 197 5 78 79 80 81 145 151 24 155 93 94 31 160 96 32 162 99 165 41 105 169 172 45 109 110 46 49 180 183 55 56 60 188 125 374.31
40 65 130 2 67 3 197 5 78 79 80 81 145 82 151 24 155 93 94 31 160 96 32 162 99 165 41 105 169 172 45 109 110 46 49 180 183 55 56 188 125 1451.20
40 65 130 2 67 3 197 5 78 79 80 81 145 82 151 24 155 93 94 31 160 96 32 162 99 41 105 169 172 45 109 110 46 49 114 180 183 55 56 188 125 550.37
40 65 130 2 67 3 197 5 78 79 80 81 145 82 150 151 24 155 93 94 31 160 32 162 99 41 105 169 172 45 109 110 46 49 114 180 183 55 56 188 125 589.88
40 65 130 67 3 195 197 5 78 79 80 81 145 82 150 151 24 155 93 94 31 160 32 162 99 41 105 169 172 45 109 110 46 49 114 180 183 55 56 188 125 3226.05
40 130 67 3 195 197 5 13 78 79 80 81 145 82 150 151 24 155 93 94 31 160 32 162 99 41 105 169 172 45 109 110 46 49 114 180 183 55 56 188 125 1225.23
40 130 67 3 195 197 5 13 78 79 80 81 145 82 150 22 151 24 155 93 94 31 32 162 99 41 105 169 172 45 109 110 46 49 114 180 183 55 56 188 125 1222.50
40 130 67 195 197 5 13 78 79 80 81 145 82 150 22 151 24 25 155 93 94 31 32 162 99 41 105 169 172 45 109 110 46 49 114 180 183 55 56 188 125 494.55
40 130 67 195 197 5 13 78 79 80 81 145 82 150 22 151 24 25 155 93 157 31 32 162 99 41 105 169 172 45 109 110 46 49 114 180 183 55 56 188 125 270.47
40 130 67 195 197 5 74 13 78 79 80 81 145 82 150 22 151 24 25 155 93 157 32 162 99 41 105 169 172 45 109 110 46 49 114 180 183 55 56 188 125 140.64
40 130 67 195 197 5 74 13 141 78 79 80 81 145 82 150 22 151 24 25 155 93 157 32 162 99 39 105 169 172 45 109 110 46 49 114 180 183 55 56 188 292.10
40 130 67 195 197 5 74 13 141 78 79 80 81 145 82 150 22 24 25 155 93 157 32 162 99 39 40 105 169 172 45 109 110 46 49 114 180 183 55 56 188 494.55
40 130 67 195 197 5 74 13 141 78 79 80 81 145 82 150 22 24 25 93 157 32 162 99 39 40 105 169 172 45 109 110 46 49 114 180 183 55 56 188 62 694.27
40 130 67 195 197 5 74 13 141 78 79 80 145 82 150 22 24 25 93 157 32 162 99 39 40 105 169 172 45 109 110 46 49 114 180 183 55 56 188 62 63 1188.81
40 130 67 195 197 5 74 13 141 78 79 80 145 82 150 22 24 25 89 93 157 32 162 99 39 40 105 169 172 45 109 110 46 49 114 180 55 56 188 62 63 1068.67
40 130 67 195 197 5 74 13 141 78 79 80 145 82 150 22 24 25 89 93 157 32 162 99 39 40 105 172 45 109 110 46 112 49 114 180 55 56 188 62 63 427.47
40 130 67 195 197 5 74 13 141 78 79 80 145 82 150 22 24 25 89 93 157 32 161 162 99 39 40 105 45 109 110 46 112 49 114 180 55 56 188 62 63 600.43
40 130 67 195 197 5 74 13 141 79 80 145 82 150 22 24 25 89 93 157 32 161 162 99 39 40 105 45 109 110 46 174 112 49 114 180 55 56 188 62 63 3292.08
40 130 67 195 5 74 13 141 79 80 145 82 150 22 24 25 89 93 157 32 161 162 99 39 40 105 45 109 110 46 174 112 49 114 115 180 55 56 188 62 63 3513.71
40 130 67 195 5 74 12 13 141 79 80 145 82 150 22 24 25 89 93 157 32 161 162 99 39 40 105 45 109 110 46 174 112 114 115 180 55 56 188 62 63 2822.38
40 130 195 5 74 12 13 141 79 80 145 82 150 22 24 25 89 93 157 32 161 162 99 39 40 104 105 45 109 110 46 174 112 114 115 180 55 56 188 62 63 691.33
40 195 5 74 12 13 141 79 80 145 82 150 22 87 24 25 89 93 157 32 161 162 99 39 40 104 105 45 109 110 46 174 112 114 115 180 55 56 188 62 63 19.02
40 195 5 74 12 13 141 79 80 145 82 150 22 87 24 25 89 93 157 32 161 162 39 167 40 104 105 45 109 110 46 174 112 114 115 180 55 56 188 62 63 3173.95
40 195 5 74 12 13 141 79 80 145 82 150 22 87 24 25 89 90 93 32 161 162 39 167 40 104 105 45 109 110 46 174 112 114 115 180 55 56 188 62 63 884.48
40 195 5 74 12 13 141 79 80 145 82 150 22 87 24 25 89 90 93 95 32 161 162 39 167 40 104 105 45 109 110 46 174 112 114 115 180 56 188 62 63 77.13
40 195 5 74 12 141 79 80 145 82 149 150 22 87 24 25 89 90 93 95 32 161 162 39 167 40 104 105 45 109 110 46 174 112 114 115 180 56 188 62 63 884.48
40 195 4 5 74 12 141 79 80 145 82 149 150 22 87 24 25 89 90 93 95 32 161 162 39 167 40 104 105 109 110 46 174 112 114 115 180 56 188 62 63 340.68
40 195 4 5 74 12 141 79 80 145 82 149 150 87 24 25 89 90 93 95 32 161 162 39 167 40 104 105 109 110 46 174 112 114 115 180 53 56 188 62 63 528.94
40 195 4 5 74 141 79 80 145 82 149 150 87 24 25 89 90 93 95 32 161 162 39 167 40 104 105 109 110 46 174 112 114 115 180 53 56 57 188 62 63 694.21
40 195 4 5 74 141 79 80 145 82 149 150 87 24 89 90 93 95 32 161 162 39 167 40 104 105 109 110 46 174 112 114 115 180 116 53 56 57 188 62 63 304.44
40 195 4 5 74 141 79 80 145 82 149 150 87 24 89 90 93 95 32 161 162 39 167 40 104 105 109 110 46 174 112 114 115 180 116 53 57 188 62 126 63 475.53
40 128 195 4 5 74 141 79 80 145 82 149 150 87 24 89 90 93 95 32 161 162 39 167 40 104 105 109 46 174 112 114 115 180 116 53 57 188 62 126 63 38.04
40 128 195 4 5 74 141 79 80 145 82 147 149 150 87 89 90 93 95 32 161 162 39 167 40 104 105 109 46 174 112 114 115 180 116 53 57 188 62 126 63 89.99
40 128 195 4 5 74 141 79 80 145 82 147 149 150 87 89 90 93 29 95 32 161 162 167 40 104 105 109 46 174 112 114 115 180 116 53 57 188 62 126 63 289.26
40 128 195 4 5 74 141 79 80 145 82 147 84 149 150 87 89 90 93 29 95 32 161 162 167 104 105 42 46 174 112 114 115 180 116 53 57 188 62 126 63 135.71
40 128 195 4 5 74 141 79 80 145 82 147 84 149 150 87 89 90 91 93 29 95 32 161 162 167 104 105 42 46 174 112 114 180 116 53 57 188 62 126 63 353.53
40 128 195 4 5 133 74 141 79 80 145 82 147 84 149 150 87 89 90 91 93 29 95 32 161 162 167 104 105 42 46 174 112 114 180 116 53 57 188 126 63 1157.05
40 128 195 4 5 133 74 141 79 143 80 145 82 147 84 149 150 89 90 91 93 29 95 32 161 162 167 104 105 42 46 174 112 114 180 116 53 57 188 126 63 254.24
40 128 195 4 5 133 141 79 143 80 145 82 147 84 149 150 89 90 91 93 29 95 32 161 162 164 167 104 105 42 46 174 112 114 180 116 53 57 188 126 63 140.64
40 128 195 4 5 133 79 143 80 145 82 147 84 149 150 89 90 91 93 29 95 32 161 162 164 167 104 105 42 171 46 174 112 114 180 116 53 57 188 126 63 827.41
40 128 195 4 5 133 79 143 80 145 82 147 84 149 150 89 90 91 93 29 95 32 161 162 164 167 104 42 171 46 174 112 114 180 116 53 57 186 188 126 63 703.86
40 128 195 4 5 133 79 143 80 145 82 147 84 149 150 90 91 93 29 95 32 161 162 164 167 104 42 171 46 174 112 114 180 116 53 57 186 188 126 63 191 173.55
40 128 192 195 4 5 133 79 143 80 145 82 147 84 149 150 90 91 93 29 95 32 161 162 164 167 104 42 171 46 174 114 180 116 53 57 186 188 126 63 191 1104.16
40 128 192 195 4 5 133 79 143 80 145 82 147 19 84 149 150 91 93 29 95 32 161 162 164 167 104 42 171 46 174 114 180 116 53 57 186 188 126 63 191 19.28
40 128 192 195 4 5 133 79 143 80 145 82 147 19 84 149 150 91 93 29 95 32 162 164 167 104 42 171 43 46 174 114 180 116 53 57 186 188 126 63 191 829.20
40 128 192 195 4 5 133 136 79 143 80 145 82 147 19 84 149 150 91 93 29 95 32 162 164 167 104 42 171 43 46 114 180 116 53 57 186 188 126 63 191 475.53
40 128 192 195 4 5 133 136 79 143 80 145 82 147 19 83 84 149 150 91 29 32 162 164 167 104 42 171 43 46 114 180 116 53 57 186 58 188 126 63 191 684.31
40 128 192 195 4 5 133 136 79 143 80 145 82 147 19 83 84 150 88 91 29 32 162 164 167 104 42 171 43 46 114 180 116 53 57 186 58 188 126 63 191 1512.17
40 128 192 195 4 5 133 136 79 143 80 145 82 147 19 83 84 150 88 91 29 32 162 164 167 104 42 171 43 46 114 180 116 53 119 57 186 58 126 63 191 380.42
40 128 192 195 4 5 133 136 137 79 143 80 145 82 147 19 83 84 150 88 91 29 32 162 164 167 104 42 171 43 114 180 116 53 119 57 186 58 126 63 191 281.12
40 128 192 195 4 5 133 136 137 79 143 80 145 82 147 19 83 84 148 150 88 91 29 32 162 164 104 42 171 43 114 180 116 53 119 57 186 58 126 63 191 446.99
40 128 192 195 4 5 133 136 137 143 80 145 82 147 19 83 84 148 150 88 91 29 32 162 164 104 168 42 171 43 114 180 116 53 119 57 186 58 126 63 191 85.59
40 128 192 195 4 5 133 136 8 137 143 80 145 82 147 19 83 84 148 150 88 91 29 32 162 164 104 168 42 171 43 114 116 53 119 57 186 58 126 63 191 689.29
40 128 192 195 4 5 133 136 8 137 11 143 80 145 82 147 19 83 84 148 150 88 91 29 32 162 164 168 42 171 43 114 116 53 119 57 186 58 126 63 191 1226.85
40 128 192 195 4 133 136 8 137 11 143 80 145 82 147 19 83 84 148 150 88 91 29 32 162 34 164 168 42 171 43 114 116 53 119 57 186 58 126 63 191 2349.09
40 128 192 195 4 133 136 8 137 11 143 80 145 82 147 19 83 84 148 150 88 91 29 32 34 164 168 42 171 43 47 114 116 53 119 57 186 58 126 63 191 2748.53
40 128 192 195 4 133 136 8 137 11 143 80 82 147 19 83 84 148 150 88 91 29 32 97 34 164 168 42 171 43 47 114 116 53 119 57 186 58 126 63 191 1607.81
40 128 192 195 4 133 8 137 11 143 80 82 147 19 83 84 148 150 88 91 29 32 97 34 98 164 168 42 171 43 47 114 116 53 119 57 186 58 126 63 191 903.80
40 128 192 195 4 133 8 137 11 143 80 82 147 19 83 84 148 150 88 91 29 97 34 98 164 168 42 171 43 47 114 116 53 117 119 57 186 58 126 63 191 5404.07
40 128 192 195 4 133 8 137 11 143 80 82 146 147 19 83 84 148 150 88 91 29 97 34 98 164 168 42 171 43 47 114 116 117 119 57 186 58 126 63 191 651.70
40 128 192 195 4 133 8 137 11 143 80 82 146 147 19 83 84 148 150 88 91 29 97 34 98 164 168 42 171 43 47 114 116 117 181 119 186 58 126 63 191 140.37
40 128 192 195 133 8 137 11 143 80 82 146 147 19 83 84 148 150 88 91 29 97 34 98 164 168 42 171 43 47 114 116 117 181 182 119 186 58 126 63 191 1122.92
40 128 192 195 133 7 8 137 11 143 80 82 146 147 19 83 84 148 150 88 91 29 97 34 98 164 168 42 171 43 47 114 116 117 181 182 119 186 58 63 191 100.26
40 128 192 195 133 7 8 137 11 143 80 82 146 147 19 83 84 148 150 88 91 29 97 34 98 164 168 42 171 43 44 47 114 117 181 182 119 186 58 63 191 837.20
40 128 192 195 133 7 8 137 11 75 143 82 146 147 19 83 84 148 150 88 91 29 97 34 98 164 168 42 171 43 44 47 114 117 181 182 119 186 58 63 191 114.16
40 128 192 195 133 7 8 137 11 75 76 143 146 147 19 83 84 148 150 88 91 29 97 34 98 164 168 42 171 43 44 47 114 117 181 182 119 186 58 63 191 485.20
40 128 192 195 133 7 8 137 11 75 76 143 146 147 19 83 84 148 150 88 91 29 97 34 98 164 168 42 106 171 43 44 47 117 181 182 119 186 58 63 191 551.44
40 128 192 195 133 7 8 137 11 75 76 143 146 19 83 84 148 150 88 91 29 97 34 98 164 168 42 106 171 43 44 47 117 181 182 119 120 186 58 63 191 300.78
40 192 195 133 7 8 137 11 75 76 143 146 19 83 84 148 150 88 152 91 29 97 34 98 164 168 42 106 171 43 44 47 117 181 182 119 120 186 58 63 191 1179.69
40 192 195 133 7 8 137 11 75 76 143 146 19 83 84 148 88 152 91 29 97 34 98 164 166 168 42 106 171 43 44 47 117 181 182 119 120 186 58 63 191 348.42
40 192 1 195 133 7 137 11 75 76 143 146 19 83 84 148 88 152 91 29 97 34 98 164 166 168 42 106 171 43 44 47 117 181 182 119 120 186 58 63 191 504.06
40 192 1 195 133 6 7 137 11 75 76 143 146 19 83 84 148 88 152 91 29 97 34 98 164 166 168 42 106 171 43 44 47 117 181 182 119 120 186 58 191 21.25
40 192 1 195 133 6 7 137 11 75 76 143 146 19 83 84 148 88 152 26 91 29 97 34 98 164 166 168 106 171 43 44 47 117 181 182 119 120 186 58 191 164.53
40 192 1 195 133 6 7 137 75 76 143 146 19 83 84 148 88 152 26 91 29 97 34 98 164 166 168 106 171 43 44 47 178 117 181 182 119 120 186 58 191 1219.48
40 192 1 195 133 6 7 137 75 76 143 146 19 83 84 148 88 152 26 91 27 29 97 98 164 166 168 106 171 43 44 47 178 117 181 182 119 120 186 58 191 1170.18
40 192 1 133 6 7 137 75 76 143 146 19 83 84 148 88 152 26 91 27 29 97 98 164 166 38 168 106 171 43 44 47 178 117 181 182 119 120 186 58 191 159.35
40 192 1 133 6 7 137 75 76 143 146 19 83 84 148 88 152 26 91 27 29 97 98 164 166 38 168 106 43 44 47 48 178 117 181 182 119 120 186 58 191 31.87
40 192 1 66 133 6 7 137 75 76 143 146 19 83 84 148 88 152 26 91 27 97 98 164 166 38 168 106 43 44 47 48 178 117 181 182 119 120 186 58 191 1006.56
40 192 1 66 68 133 6 7 137 75 76 143 146 19 83 84 148 88 152 26 91 27 97 98 164 166 38 168 106 43 44 48 178 117 181 182 119 120 186 58 191 138.10
40 192 1 66 68 133 6 7 137 75 76 143 146 19 83 84 148 88 152 26 91 27 92 97 98 164 166 38 168 106 43 44 48 178 117 181 182 119 120 58 191 297.45
40 192 1 66 68 133 6 7 137 75 76 143 146 19 83 84 148 88 152 26 27 92 97 98 164 166 38 168 106 43 44 111 48 178 117 181 182 119 120 58 191 191.22
40 192 1 66 68 133 6 7 135 137 75 76 143 146 19 83 84 148 88 152 26 27 92 97 98 164 166 38 168 106 43 44 111 48 178 117 181 182 119 120 58 987.97
40 192 1 66 68 133 6 7 135 137 75 76 143 146 19 83 148 88 152 26 27 92 159 97 98 164 166 38 168 106 43 44 111 48 178 117 181 182 119 120 58 191.22
40 192 1 66 68 196 133 6 7 135 137 75 76 143 146 19 83 148 88 152 26 27 92 159 97 98 166 38 168 106 43 44 111 48 178 117 181 182 119 120 58 2315.89
40 192 1 66 68 196 6 7 135 137 9 75 76 143 146 19 83 148 88 152 26 27 92 159 97 98 166 38 168 106 43 44 111 48 178 117 181 182 119 120 58 522.64
40 192 1 66 68 196 69 6 7 135 137 9 75 76 143 146 19 83 148 88 152 26 27 92 159 98 166 38 168 106 43 44 111 48 178 117 181 182 119 120 58 594.91
40 192 1 66 68 196 69 6 70 7 135 137 9 75 76 146 19 83 148 88 152 26 27 92 159 98 166 38 168 106 43 44 111 48 178 117 181 182 119 120 58 1248.52
40 192 1 66 68 196 69 6 70 7 135 137 9 75 76 146 19 83 148 88 152 26 27 92 159 100 166 38 168 106 43 44 111 48 178 117 181 182 119 120 58 38.72
40 192 1 66 68 196 69 6 70 7 135 137 9 75 76 142 146 19 83 148 88 152 26 27 92 159 100 166 38 168 106 43 111 48 178 117 181 182 119 120 58 1175.93
40 192 1 66 68 196 69 6 70 7 135 137 9 75 76 142 146 19 83 148 88 152 26 154 27 92 159 100 166 38 168 106 43 111 48 178 181 182 119 120 58 377.56
40 192 1 66 68 196 69 6 70 7 135 137 9 75 76 142 146 19 83 148 88 152 26 154 27 92 159 100 166 38 168 170 43 111 48 178 181 182 119 120 58 624.42
39 192 1 66 68 196 69 6 70 7 135 137 9 75 76 142 146 19 83 148 88 152 26 154 27 92 159 100 166 38 168 170 43 111 48 178 181 182 119 58 72.61
38 192 1 66 68 196 69 6 70 135 137 9 75 76 142 146 19 83 148 88 152 26 154 27 92 159 100 166 38 168 170 43 111 48 178 181 182 119 58 87.13
37 192 1 66 68 196 69 6 70 135 137 9 75 142 146 19 83 148 88 152 26 154 27 92 159 100 166 38 168 170 43 111 48 178 181 182 119 58 67.77
35 192 1 66 68 196 69 6 70 135 137 9 142 146 19 83 148 88 152 26 154 27 92 159 100 166 38 168 170 43 111 48 181 182 119 58 435.56
34 1 66 68 196 69 6 70 135 137 9 142 146 19 83 148 88 152 26 154 27 92 159 100 166 38 168 170 43 111 48 181 182 119 58 609.90
33 1 66 68 196 69 6 70 135 137 9 142 146 19 83 148 88 26 154 27 92 159 100 166 38 168 170 43 111 48 181 182 119 58 755.12
32 1 66 68 196 69 6 70 135 137 9 142 146 19 83 148 88 26 154 27 92 159 100 38 168 170 43 111 48 181 182 119 58 1775.79
31 1 66 68 196 69 6 70 135 137 142 146 19 83 148 88 26 154 27 92 159 100 38 168 170 43 111 48 181 182 119 58 385.72
30 1 66 68 196 6 70 135 137 142 146 19 83 148 88 26 154 27 92 159 100 38 168 170 43 111 48 181 182 119 58 443.95
29 1 66 68 196 6 135 137 142 146 19 83 148 88 26 154 27 92 159 100 38 168 170 43 111 48 181 182 119 58 433.56
28 1 66 68 196 6 135 137 142 146 19 83 148 88 26 154 27 92 159 100 38 168 170 111 48 181 182 119 58 58.22
27 1 66 68 196 6 135 137 142 146 19 83 148 88 26 154 27 92 159 38 168 170 111 48 181 182 119 58 21.83
26 1 66 68 196 6 135 137 146 19 83 148 88 26 154 27 92 159 38 168 170 111 48 181 182 119 58 43.55
25 1 66 68 196 6 135 137 146 19 83 148 88 26 154 27 92 159 38 168 170 111 48 181 119 58 66.14
23 1 66 68 196 6 38 135 168 137 170 111 48 19 83 148 181 119 88 26 154 27 92 159 79.85
23 1 66 68 196 6 38 135 168 137 170 108 111 48 19 83 148 119 88 26 154 27 92 159 547.29
23 1 66 68 196 6 38 135 168 137 73 170 108 111 48 19 83 148 119 88 26 27 92 159 75.69
22 1 66 68 196 6 38 135 168 137 73 108 111 48 19 83 148 119 88 26 27 92 159 60.62
22 1 66 68 196 6 38 135 103 168 137 73 108 111 48 83 148 119 88 26 27 92 159 804.65
21 1 66 68 196 6 38 135 103 168 137 73 108 111 48 148 119 88 26 27 92 159 105.82
20 1 66 68 196 6 38 135 103 168 137 73 108 111 48 148 119 26 27 92 159 440.90
19 1 66 68 196 6 38 135 103 168 137 73 108 111 48 148 26 27 92 159 1062.58
18 1 66 68 196 6 38 135 103 168 137 73 108 111 48 26 27 92 159 22.05
17 1 66 68 196 6 38 135 103 137 73 108 111 48 26 27 92 159 198.41
17 1 66 68 196 6 38 135 103 73 107 108 111 48 26 27 92 159 1581.09
16 1 66 68 196 6 38 135 103 73 107 108 111 48 27 92 159 276.45
16 66 68 196 6 38 102 135 103 73 107 108 111 48 27 92 159 19.40
15 66 68 196 38 102 135 103 73 107 108 111 48 27 92 159 295.16
15 193 66 68 196 38 102 135 103 73 107 108 111 48 92 159 440.66
15 193 66 131 68 196 38 102 135 103 73 107 108 111 92 159 295.16
15 193 129 66 131 68 196 102 135 103 73 107 108 111 92 159 257.74
14 193 129 33 131 68 196 102 135 103 73 107 108 111 159 287.36
14 193 129 33 131 68 196 102 135 103 73 107 108 28 159 95.61
13 193 129 33 131 196 102 135 103 73 107 108 28 159 160.05
13 193 129 33 131 196 102 103 73 107 139 108 28 159 7.27
13 193 129 33 131 196 102 103 72 73 107 139 108 28 494.70
13 193 129 33 131 102 103 72 73 107 139 108 173 28 1757.25
12 193 129 33 131 102 103 72 107 139 108 28 173 2607.61
11 193 33 131 102 103 72 107 139 108 28 173 355.44
10 193 33 131 102 103 107 139 108 28 173 1146.54
9 193 33 131 102 103 139 108 28 173 1100.92
8 193 33 131 102 103 139 108 173 38.56
7 193 33 131 102 103 139 108 96.42
6 193 33 131 102 103 108 45.87
5 193 33 131 102 103 265.00
5 0 193 33 131 102 228.40
4 0 193 131 102 1045.00
3 0 193 131 102.00
2 0 131 139.00
1 0 6197.00
1 189 5615.00
145285.80
55_COPY 650_SUM 35_XPY 65_XPY 1100_QR 40_COPY 650_SUM 350_SUM 500_SUM 200_SUM 350_SUM 500_SUM 10_COPY 25_COPY 1000_QR 350_SUM 35_XPY 650_SUM 1000_QR 1300_QR 20_XPY 200_SUM 25_COPY 650_SUM 40_COPY 25_COPY 650_SUM 650_SUM 25_COPY 1200_QR 20_XPY 65_XPY 55_COPY 1200_QR 500_SUM 25_COPY 1100_QR 1000_QR 650_SUM 25_COPY 25_COPY 65_XPY 1200_QR 1300_QR 350_SUM 40_COPY 40_COPY 500_SUM 650_SUM 55_COPY 20_XPY 25_COPY 35_XPY 1100_QR 1000_QR 40_COPY 55_COPY 1100_QR 1300_QR 650_SUM 1100_QR 20_XPY 25_COPY 40_COPY 10_COPY 35_XPY 650_SUM 55_COPY 650_SUM 200_SUM 200_SUM 20_XPY 1000_QR 65_XPY 65_XPY 350_SUM 350_SUM 500_SUM 65_XPY 40_COPY 55_COPY 40_COPY 55_COPY 1300_QR 1200_QR 500_SUM 10_COPY 10_COPY 1300_QR 25_COPY 10_COPY 1200_QR 650_SUM 40_COPY 40_COPY 10_COPY 50_XPY 500_SUM 500_SUM 40_COPY 200_SUM 500_SUM 40_COPY 40_COPY 50_XPY 40_COPY 350_SUM 650_SUM 40_COPY 40_COPY 40_COPY 650_SUM 25_COPY 35_XPY 55_COPY 1000_QR 1100_QR 500_SUM 1000_QR 1300_QR 350_SUM 500_SUM 35_XPY 10_COPY 35_XPY 65_XPY 1100_QR 500_SUM 1100_QR 1000_QR 55_COPY 40_COPY 350_SUM 1200_QR 35_XPY 650_SUM 35_XPY 1300_QR 10_COPY 25_COPY 50_XPY 65_XPY 200_SUM 1200_QR 1100_QR 40_COPY 500_SUM 1100_QR 1300_QR 10_COPY 55_COPY 65_XPY 350_SUM 50_XPY 200_SUM 40_COPY 50_XPY 50_XPY 1200_QR 650_SUM 1200_QR 25_COPY 40_COPY 20_XPY 1200_QR 35_XPY 350_SUM 1000_QR 1300_QR 50_XPY 200_SUM 1200_QR 50_XPY 1100_QR 25_COPY 35_XPY 20_XPY 50_XPY 35_XPY 1000_QR 40_COPY 500_SUM 500_SUM 40_COPY 20_XPY 20_XPY 1200_QR 35_XPY 40_COPY 40_COPY 20_XPY 1200_QR 1200_QR 40_COPY 1100_QR 55_COPY 650_SUM 1300_QR 35_XPY 1000_QR 