167
40 105 104 42 36 14 2 153 188 189 9 135 43 48 83 100 130 131 31 127 10 40 46 75 138 74 81 90 186 84 94 179 86 88 102 106 129 132 162 173 17 6877.32
40 129 130 194 131 132 135 9 10 138 74 75 81 17 83 19 84 149 86 88 153 90 94 31 162 100 102 40 106 43 173 46 48 113 179 118 56 186 188 189 127 2512.46
40 129 130 194 131 132 135 9 10 138 74 75 81 83 19 84 149 86 88 153 90 94 31 162 100 102 40 106 43 173 46 48 176 113 179 118 56 186 188 189 127 3079.89
40 129 130 194 131 132 10 138 74 75 81 18 83 19 84 149 85 86 88 153 90 94 31 162 100 102 40 106 43 173 46 48 176 113 179 118 56 186 188 189 127 1292.38
40 129 130 131 132 10 138 74 75 81 18 83 19 84 149 85 86 88 153 90 27 94 31 162 100 102 40 106 43 173 46 48 176 113 179 118 56 186 188 189 127 1143.86
40 130 131 69 71 73 10 138 74 75 78 81 18 83 19 84 149 85 153 90 27 92 94 31 100 40 168 43 46 48 176 113 179 118 56 184 186 122 188 189 127 3761.72
40 68 69 71 73 10 138 74 75 78 81 18 19 84 149 85 153 90 154 27 92 157 94 31 40 168 46 176 113 179 52 116 118 56 184 57 186 122 188 189 127 3118.13
40 68 69 71 73 10 138 74 75 78 81 18 19 84 149 85 153 25 90 154 27 92 157 94 31 40 46 176 113 179 52 116 118 56 184 57 186 122 188 189 127 85.95
40 68 69 71 73 10 138 74 75 78 81 19 84 149 85 153 25 90 154 27 92 157 94 31 40 46 176 113 179 52 116 118 56 184 57 186 122 58 188 189 127 681.36
40 68 69 71 73 10 138 74 75 141 78 81 19 149 85 153 25 90 154 27 92 157 31 40 46 47 176 113 52 116 118 56 184 57 121 186 122 58 188 189 127 608.28
40 68 69 71 73 10 138 74 75 141 78 81 19 149 85 153 25 90 154 92 157 31 40 46 47 176 113 50 52 116 118 56 184 57 121 186 122 58 188 189 127 1137.39
40 68 5 134 70 10 138 74 75 141 78 81 19 149 85 153 25 90 154 157 31 40 46 47 113 50 114 52 116 118 56 184 57 121 185 186 122 58 188 189 127 589.61
40 68 5 134 70 10 138 74 75 141 78 79 81 19 149 85 150 25 90 154 157 40 46 47 113 50 114 52 116 118 56 184 57 121 185 186 122 58 188 189 125 73.08
40 68 5 134 70 10 138 74 75 12 141 78 79 81 19 149 150 25 90 154 157 40 46 47 113 50 114 52 116 118 56 184 57 121 185 186 122 58 188 189 125 603.80
40 67 68 5 134 70 10 138 74 75 12 141 78 79 16 81 19 149 150 25 90 154 157 40 46 47 50 114 52 116 118 184 57 121 185 186 122 58 188 189 125 1832.27
40 67 68 5 134 70 10 138 74 75 12 141 78 79 16 81 19 149 150 87 25 90 154 157 40 46 47 50 114 52 116 118 57 121 185 186 122 58 188 189 125 667.79
40 67 68 5 134 70 10 138 74 75 12 141 13 78 79 16 81 19 149 150 87 25 90 157 40 46 47 50 114 52 118 57 121 185 186 122 58 123 188 189 125 3707.91
40 67 68 5 134 70 10 138 74 75 12 141 13 78 16 81 19 149 150 87 25 90 157 103 40 46 47 50 114 52 118 57 121 185 186 122 58 123 188 189 125 10.82
40 67 68 5 134 70 10 138 74 75 12 141 13 78 16 81 19 149 150 87 151 25 90 157 103 40 46 47 50 114 52 57 121 185 186 122 58 123 188 189 125 171.91
40 67 68 5 134 70 10 138 74 75 12 13 78 16 81 19 149 150 87 151 25 90 157 103 40 46 47 50 114 52 57 121 185 186 122 58 123 187 188 189 125 1635.00
40 67 68 196 5 134 70 10 138 74 75 12 13 78 16 81 19 149 150 87 151 25 90 103 40 46 47 50 114 52 57 121 185 186 122 58 123 187 188 189 125 21.37
40 67 68 196 5 134 70 10 138 74 75 12 13 78 15 16 81 19 149 150 87 151 25 90 103 40 46 47 50 114 52 57 121 185 186 58 123 187 188 189 125 1435.54
40 67 68 196 5 134 70 10 138 74 75 12 13 78 15 16 81 19 149 150 87 151 25 90 32 103 40 46 50 114 52 57 121 185 186 58 123 187 188 189 125 1738.31
40 67 68 196 5 134 70 10 138 74 75 12 13 78 15 16 81 19 149 150 87 151 25 90 32 103 40 45 46 50 114 52 57 121 186 58 123 187 188 189 125 697.95
40 67 68 196 5 134 70 10 138 74 75 12 13 78 15 16 81 19 149 150 87 151 25 90 32 103 40 45 46 50 114 52 57 186 58 123 187 188 189 125 61 3059.01
40 67 68 196 5 134 70 10 138 74 75 12 13 78 15 16 81 19 149 150 87 151 25 89 90 32 103 40 45 46 50 114 52 57 186 58 187 188 189 125 61 719.92
40 67 196 5 134 70 10 138 74 75 12 13 78 15 16 81 19 149 150 87 151 25 89 90 32 103 40 45 46 112 50 114 52 57 186 58 187 188 189 125 61 1725.48
40 67 196 5 134 70 10 138 74 75 12 78 15 16 81 19 149 150 87 151 25 89 90 159 32 103 40 45 46 112 50 114 52 57 186 58 187 188 189 125 61 21.37
40 67 196 5 70 10 138 74 75 12 78 15 16 81 19 149 150 87 151 25 89 90 159 32 160 103 40 45 46 112 50 114 52 57 186 58 187 188 189 125 61 427.78
40 67 196 5 70 198 10 138 74 75 12 78 15 16 81 19 149 150 87 151 89 90 159 32 160 103 40 45 46 112 50 114 52 57 186 58 187 188 189 125 61 80.21
40 67 196 5 70 198 10 138 74 75 12 78 15 16 144 81 19 149 150 87 151 89 90 159 32 160 103 40 45 46 112 50 114 52 57 186 187 188 189 125 61 81.14
40 67 196 5 70 198 10 138 74 75 12 78 15 16 144 81 82 19 149 150 87 151 89 90 159 32 160 103 40 45 46 112 50 114 52 186 187 188 189 125 61 1854.55
40 67 196 5 70 198 10 138 74 75 12 78 15 16 144 80 81 82 19 149 150 87 151 89 90 159 32 160 103 40 45 112 50 114 52 186 187 188 189 125 61 487.94
40 67 196 5 70 198 10 138 74 75 12 78 15 16 144 80 81 82 19 149 150 87 151 89 90 159 32 160 103 40 44 45 112 50 52 186 187 188 189 125 61 962.51
40 67 196 5 198 10 138 74 75 12 78 15 16 144 80 81 82 19 149 150 87 151 89 90 159 32 160 103 39 40 44 45 112 50 52 186 187 188 189 125 61 133.15
40 67 196 5 198 10 138 74 75 12 78 15 16 144 80 81 82 19 149 150 87 151 89 90 159 32 160 103 39 40 44 45 112 50 51 52 186 187 189 125 61 2774.97
40 67 196 5 198 10 138 74 75 12 78 15 16 144 80 81 82 19 149 150 87 151 89 90 159 32 160 161 103 39 40 44 45 112 50 51 52 186 187 189 61 332.87
40 67 196 5 198 10 74 12 78 142 15 16 144 80 81 82 19 149 150 87 151 89 90 159 32 160 161 103 39 40 44 45 112 49 50 51 52 186 187 189 61 1550.21
40 67 196 5 198 10 74 12 78 142 15 143 16 144 80 81 82 19 149 150 87 151 89 90 159 32 160 161 103 39 44 45 112 49 50 51 52 186 187 189 61 1310.21
40 67 196 198 10 74 12 78 142 15 143 16 144 80 81 82 19 149 150 87 151 89 90 29 159 32 160 161 103 39 44 45 112 49 50 51 52 186 187 189 61 275.90
40 67 196 198 10 74 12 78 142 15 143 16 144 80 81 82 19 149 150 87 151 89 90 29 159 32 160 161 103 39 44 45 112 49 50 51 52 186 187 61 190 304.34
40 67 196 198 74 12 140 78 142 15 143 16 144 80 81 82 19 149 150 87 151 89 90 29 159 32 160 161 103 39 44 45 112 49 50 51 52 186 187 61 190 92.07
40 67 196 198 74 140 78 142 15 143 16 144 80 81 82 19 149 150 87 151 89 90 29 159 32 160 161 103 39 44 45 112 49 50 51 115 52 186 187 61 190 609.07
40 193 196 198 7 74 140 78 142 15 143 144 80 81 82 19 149 150 87 151 89 90 29 159 32 160 161 103 39 44 45 112 49 50 51 115 52 186 187 61 190 894.28
40 193 196 198 7 74 140 78 142 15 143 144 80 81 82 19 149 150 87 151 23 89 90 29 159 32 160 161 103 39 44 45 112 49 50 51 115 52 187 61 190 875.26
40 193 196 198 7 74 140 78 142 15 143 144 80 81 82 19 149 150 87 151 23 89 28 29 159 32 160 161 103 39 44 45 112 49 50 51 115 52 187 61 190 63.74
40 193 196 198 7 74 140 78 142 15 143 144 80 81 82 19 149 150 151 23 89 28 29 159 32 160 161 103 39 44 45 112 49 50 51 115 52 54 187 61 190 928.26
40 193 196 198 7 74 140 78 15 143 144 80 81 82 19 149 150 151 23 89 28 29 159 32 160 161 103 39 44 45 112 49 50 51 115 52 54 187 60 61 190 624.81
40 193 196 198 7 74 140 78 15 143 80 81 82 19 149 150 151 23 89 28 29 159 32 160 161 98 103 39 44 45 112 49 50 51 115 52 54 187 60 61 190 38.05
40 193 196 198 7 74 140 78 15 143 80 82 19 149 150 151 23 89 28 29 159 32 160 161 98 103 39 44 45 112 49 50 51 115 52 54 187 60 61 190 63 713.52
40 193 196 4 198 7 140 78 15 143 80 82 19 149 150 151 23 89 28 29 159 32 160 161 98 103 39 44 45 112 49 50 51 115 52 54 187 60 61 190 63 180.70
40 193 196 4 198 7 140 78 15 143 80 82 149 150 151 23 89 28 29 159 32 160 161 98 103 39 44 45 111 112 49 50 51 115 52 54 187 60 61 190 63 2075.09
40 193 196 4 198 7 140 78 15 143 80 82 149 150 151 23 89 28 29 159 32 160 161 98 103 39 171 44 45 111 112 49 50 51 115 52 54 60 61 190 63 775.50
40 192 193 196 4 198 7 140 78 15 143 80 82 149 150 151 23 89 28 29 159 32 160 161 98 39 171 44 45 111 112 49 50 51 115 52 54 60 61 190 63 446.18
40 192 193 195 196 4 198 7 140 78 15 143 80 82 149 150 23 89 28 29 159 32 160 161 98 39 171 44 45 111 112 49 50 51 115 52 54 60 61 190 63 2307.31
40 192 193 195 196 4 198 6 7 140 78 15 80 82 149 150 23 89 28 29 159 32 160 161 98 39 171 44 45 111 112 49 50 51 115 52 54 60 61 190 63 733.01
40 192 193 195 4 198 6 7 140 78 15 80 82 149 150 23 89 28 29 159 32 160 161 98 39 41 171 44 45 111 112 49 50 51 115 52 54 60 61 190 63 2197.65
40 192 193 1 195 4 198 6 7 140 78 15 80 82 150 23 89 28 29 159 32 160 161 98 39 41 171 44 45 111 112 49 50 51 115 52 54 60 61 190 63 1240.79
40 192 193 1 195 4 198 6 7 140 78 15 80 82 150 23 89 28 29 159 32 160 161 33 98 39 41 171 45 111 112 49 50 51 115 52 54 60 61 190 63 142.66
40 192 193 1 195 4 198 6 7 140 15 80 82 150 23 89 28 29 159 32 160 161 33 98 39 41 171 45 111 112 49 50 51 115 52 54 59 60 61 190 63 3128.95
40 192 193 1 195 4 198 6 7 140 15 80 82 150 23 89 28 29 159 32 160 161 33 98 39 41 171 108 45 111 112 49 50 51 115 54 59 60 61 190 63 297.51
40 192 193 1 195 4 198 6 7 139 140 15 80 82 150 23 89 28 29 159 32 160 161 33 98 39 41 171 108 45 111 112 49 50 115 54 59 60 61 190 63 651.70
40 192 193 1 195 4 6 7 139 140 15 80 82 150 23 89 28 29 159 32 160 161 33 98 39 41 171 108 172 45 111 112 49 50 115 54 59 60 61 190 63 2265.90
40 192 193 1 195 4 6 7 139 140 15 80 82 150 23 89 28 29 30 159 32 160 161 33 98 41 171 108 172 45 111 112 49 50 115 54 59 60 61 190 63 88.18
40 192 193 1 195 4 6 7 139 140 15 80 82 150 23 89 28 29 30 159 160 161 33 98 34 41 171 108 172 45 111 112 49 50 115 54 59 60 61 190 63 106.46
40 192 193 1 195 4 6 139 140 15 80 82 150 23 89 28 29 30 159 160 161 33 98 34 41 171 108 172 45 111 175 112 50 115 54 59 60 61 190 62 63 1014.08
40 192 193 1 195 4 6 139 140 77 15 80 82 150 23 89 28 29 30 159 160 161 33 98 34 41 171 108 172 111 175 112 50 115 54 59 60 61 190 62 63 58.16
40 192 193 1 195 4 6 139 140 76 77 15 80 82 150 23 89 28 29 30 159 160 161 33 98 34 41 171 108 172 111 175 112 50 54 59 60 61 190 62 63 264.54
40 192 193 1 195 4 6 139 140 76 77 15 80 82 150 23 89 28 29 30 159 160 161 33 98 34 41 171 108 172 111 175 112 50 54 119 59 60 190 62 63 57.06
40 192 193 1 195 4 6 136 139 140 76 77 15 80 82 150 23 89 28 29 30 159 160 161 33 98 34 41 171 108 172 111 175 112 54 119 59 60 190 62 63 242.50
40 192 193 1 195 4 6 136 139 140 76 77 80 82 150 23 89 28 29 30 159 160 161 33 98 34 101 41 171 108 172 111 175 112 54 119 59 60 190 62 63 145.18
40 192 128 193 1 195 4 6 136 139 140 76 77 80 82 150 23 89 29 30 159 160 161 33 98 34 101 41 171 108 172 111 175 112 54 119 59 60 190 62 63 58.07
40 192 128 193 1 195 4 6 136 139 140 76 77 80 82 150 23 89 29 30 159 160 161 33 98 34 164 101 41 171 108 172 111 175 112 119 59 60 190 62 63 756.11
40 192 128 193 1 195 4 6 136 139 140 76 77 80 82 150 89 29 30 159 160 161 33 98 34 164 101 167 41 171 108 172 111 175 112 119 59 60 190 62 63 164.53
40 192 128 193 1 195 4 6 136 139 140 76 77 80 82 150 89 29 30 159 160 161 33 98 34 164 101 167 41 171 108 172 111 175 112 119 59 124 190 62 63 619.42
40 192 128 193 1 195 4 6 136 139 140 76 77 80 82 150 89 29 30 159 160 161 33 34 164 101 167 41 171 108 172 111 175 112 180 119 59 124 190 62 63 76.08
40 192 128 193 1 195 4 6 136 139 140 76 77 80 82 89 29 30 159 160 161 33 34 164 101 167 41 169 171 108 172 111 175 112 180 119 59 124 190 62 63 280.75
40 192 128 193 1 195 4 136 139 140 76 77 80 82 89 29 30 159 160 161 33 34 164 101 167 41 169 171 108 172 111 175 112 180 53 119 59 124 190 62 63 561.35
40 192 128 193 1 195 4 136 139 140 76 77 80 82 89 29 30 159 160 161 33 97 34 164 101 167 41 169 171 108 172 175 112 180 53 119 59 124 190 62 63 2071.18
40 192 128 193 1 195 4 136 139 140 76 77 80 82 89 29 30 159 160 161 33 97 34 164 101 167 41 169 108 172 175 112 180 53 119 59 124 190 62 63 191 783.95
40 128 193 1 195 4 197 136 139 140 76 77 80 82 89 29 30 159 160 161 33 97 34 164 101 167 41 169 108 172 175 112 180 53 119 59 124 190 62 63 191 33.07
40 128 193 1 195 4 197 136 139 140 76 77 80 82 89 29 30 159 160 161 33 97 34 164 101 167 41 169 108 172 175 180 53 119 59 124 190 62 126 63 191 743.63
40 128 193 1 195 4 197 136 139 140 76 80 82 152 89 29 30 159 95 160 161 97 34 164 101 167 41 169 108 172 175 180 53 119 59 124 190 62 126 63 191 145.21
40 128 193 1 195 4 197 136 139 140 76 80 82 21 152 89 29 30 159 95 160 161 97 34 164 101 167 41 169 108 172 175 180 53 119 124 190 62 126 63 191 539.68
40 128 193 1 195 4 197 136 139 140 76 80 82 21 22 152 89 29 30 159 95 160 161 97 34 164 101 167 169 108 172 175 180 53 119 124 190 62 126 63 191 1311.69
40 128 193 1 195 4 197 136 139 140 76 80 82 21 22 152 155 29 30 159 95 160 161 97 34 164 101 167 169 108 172 175 180 53 119 124 190 62 126 63 191 1297.25
40 128 193 1 195 4 197 136 139 140 76 80 82 21 22 152 155 29 30 159 95 160 161 97 34 164 101 167 169 172 175 180 53 181 119 124 190 62 126 63 191 290.43
40 128 193 1 195 4 197 136 140 76 80 82 21 22 152 26 155 29 30 159 95 160 161 97 34 164 101 167 169 172 175 180 53 181 119 124 190 62 126 63 191 55.11
40 128 193 1 195 4 197 199 136 140 76 80 82 21 22 152 26 155 29 30 159 95 161 97 34 164 101 167 169 172 175 180 53 181 119 124 190 62 126 63 191 451.93
40 128 193 1 195 4 197 199 136 140 76 80 82 21 22 152 26 155 29 30 95 161 97 34 35 164 101 167 169 172 175 180 53 181 119 124 190 62 126 63 191 164.58
40 128 193 1 195 4 197 199 136 140 76 80 82 21 22 152 26 155 29 30 95 161 97 34 35 164 101 167 169 174 175 180 53 181 119 124 190 62 126 63 191 2380.88
40 128 193 1 195 4 197 199 136 72 140 76 80 21 22 152 26 155 29 30 95 161 97 34 35 164 101 167 169 174 175 180 53 181 119 124 190 62 126 63 191 67.86
40 128 193 195 4 197 199 136 72 140 76 80 21 22 152 26 155 29 30 95 161 97 34 35 164 101 167 169 174 175 180 53 181 119 55 124 190 62 126 63 191 1200.03
40 128 193 195 4 197 199 136 72 140 76 80 21 22 152 26 155 29 93 30 95 161 97 34 35 164 167 169 174 175 180 53 181 119 55 124 190 62 126 63 191 138.85
40 193 195 4 197 199 136 72 140 76 80 21 22 152 26 155 29 93 30 95 161 97 34 35 164 167 169 174 110 175 180 53 181 119 55 124 190 62 126 63 191 465.78
40 193 195 4 197 199 136 72 140 76 80 148 22 152 26 155 29 93 30 95 161 97 34 35 164 167 169 174 110 175 180 53 181 119 55 124 190 62 126 63 191 370.63
40 193 195 4 197 199 136 72 140 76 80 148 22 152 26 155 29 93 30 158 95 161 34 35 164 167 169 174 110 175 180 53 181 119 55 124 190 62 126 63 191 164.96
40 193 195 4 197 133 199 136 72 140 76 80 148 152 26 155 29 93 30 158 95 161 34 35 164 167 169 174 110 175 180 53 181 119 55 124 190 62 126 63 191 1080.21
40 193 195 4 197 133 199 136 72 140 76 80 148 152 26 155 29 93 30 158 95 161 34 35 164 167 169 174 110 175 177 180 53 181 119 55 124 62 126 63 191 1157.37
40 193 195 4 197 133 199 136 72 140 76 80 148 152 26 155 29 93 30 158 95 34 35 164 167 169 174 110 175 177 180 53 181 117 119 55 124 62 126 63 191 446.18
40 193 195 4 197 133 199 136 72 76 80 148 152 26 155 29 93 30 158 95 34 35 164 167 169 170 174 110 175 177 180 53 181 117 119 55 124 62 126 63 191 708.37
40 193 195 4 197 133 199 136 72 76 80 148 20 152 26 155 29 93 30 158 95 34 164 167 169 170 174 110 175 177 180 53 181 117 119 55 124 62 126 63 191 2491.11
40 193 195 4 197 133 199 136 72 76 80 148 20 152 26 155 29 93 30 158 95 34 164 167 169 170 174 110 175 177 178 180 53 181 117 119 55 124 62 126 191 106.74
40 193 195 4 197 133 199 136 72 76 80 148 20 152 26 155 29 93 30 158 95 34 164 167 169 170 107 174 110 175 177 178 180 53 181 117 119 124 62 126 191 1193.56
40 193 195 4 197 133 199 136 72 76 80 148 20 152 26 155 29 30 158 95 34 164 37 167 169 170 107 174 110 175 177 178 180 53 181 117 119 124 62 126 191 135.85
40 193 195 4 197 133 199 136 72 76 80 148 20 152 26 155 156 29 30 158 95 34 164 37 167 169 170 107 174 175 177 178 180 53 181 117 119 124 62 126 191 465.78
40 193 195 4 197 133 199 136 72 76 80 20 152 26 155 156 29 30 158 95 34 163 164 37 167 169 170 107 174 175 177 178 180 53 181 117 119 124 62 126 191 38.71
40 193 195 4 197 133 199 136 72 76 80 20 152 26 155 156 29 30 158 95 34 163 164 37 166 167 169 170 107 174 175 177 178 180 181 117 119 124 62 126 191 339.63
40 193 195 4 197 133 199 136 72 137 76 80 20 152 26 155 156 29 30 95 34 163 164 37 166 167 169 170 107 174 175 177 178 180 181 117 119 124 62 126 191 1517.51
40 64 193 195 4 197 133 199 136 72 137 76 80 20 152 26 155 156 29 30 34 163 164 37 166 167 169 170 107 174 175 177 178 180 181 117 119 124 62 126 191 349.20
40 64 193 195 4 197 133 199 136 72 137 76 80 20 152 26 155 156 29 96 34 163 164 37 166 167 169 170 107 174 175 177 178 180 181 117 119 124 62 126 191 87.30
40 64 193 195 4 197 133 199 136 72 137 76 80 20 152 26 155 156 29 96 163 164 37 166 38 167 169 170 107 174 175 177 178 180 181 117 119 124 62 126 191 97.00
40 64 193 195 4 197 133 199 136 72 137 76 80 147 20 152 26 155 156 29 96 163 164 37 166 38 167 169 170 107 174 175 177 178 180 181 117 119 124 126 191 378.45
40 64 193 195 4 197 133 199 136 72 137 76 80 147 20 152 26 155 156 29 96 163 164 37 166 38 167 169 170 107 109 174 175 177 178 180 181 119 124 126 191 436.67
40 64 193 195 4 197 133 199 136 72 137 76 80 147 20 152 26 155 156 29 96 163 164 37 166 38 167 169 107 109 174 175 177 178 180 181 119 120 124 126 191 242.50
40 64 193 195 4 197 133 199 136 72 137 80 147 20 152 26 155 156 29 96 163 164 37 166 38 167 169 107 109 174 175 177 178 180 181 182 119 120 124 126 191 63.74
39 64 193 4 197 133 199 136 72 137 80 147 20 152 26 155 156 29 96 163 164 37 166 38 167 169 107 109 174 175 177 178 180 181 182 119 120 124 126 191 203.70
39 64 193 4 197 133 199 136 72 137 80 145 147 20 152 26 155 156 29 96 163 164 37 166 38 167 169 107 109 174 175 177 178 180 181 182 120 124 126 191 48.50
39 64 193 65 4 197 133 199 72 137 80 145 147 20 152 26 155 156 29 96 163 164 37 166 38 167 169 107 109 174 175 177 178 180 181 182 120 124 126 191 417.10
39 64 193 65 66 4 197 133 199 72 137 80 145 147 20 152 26 155 156 29 96 163 37 166 38 167 169 107 109 174 175 177 178 180 181 182 120 124 126 191 135.53
38 64 193 65 66 4 197 133 199 137 80 145 147 20 152 26 155 156 29 96 163 37 166 38 167 169 107 109 174 175 177 178 180 181 182 120 124 126 191 620.80
38 64 193 65 66 4 197 133 199 137 80 145 147 20 152 26 155 156 29 96 163 99 37 166 38 169 107 109 174 175 177 178 180 181 182 120 124 126 191 229.76
37 64 193 65 66 4 197 133 199 137 80 145 147 20 152 26 155 156 29 96 163 99 37 166 38 169 107 109 174 175 177 178 180 182 120 124 126 191 615.98
35 64 193 65 66 4 197 133 199 137 80 145 147 20 152 26 155 156 29 96 163 99 37 166 38 107 109 174 175 178 180 182 120 124 126 191 247.27
34 64 193 65 66 4 197 133 199 137 80 145 147 20 152 26 155 156 96 163 99 37 166 38 107 109 174 175 178 180 182 120 124 126 191 183.71
34 64 65 66 4 197 133 199 137 80 145 147 20 152 26 155 156 96 163 99 37 165 166 38 107 109 174 175 178 180 182 120 124 126 191 271.71
34 64 65 66 4 197 133 199 137 11 80 145 147 20 152 26 155 156 96 163 99 37 165 166 38 107 109 174 175 180 182 120 124 126 191 364.23
33 64 65 66 4 197 133 199 137 11 80 145 147 20 152 26 155 156 96 163 99 37 165 166 38 107 109 174 175 180 182 120 124 191 1852.69
33 64 65 66 3 4 197 133 199 137 11 80 145 147 20 152 26 155 156 96 163 99 37 165 166 38 107 109 174 175 180 182 120 124 706.46
32 64 65 66 3 4 197 133 199 137 11 80 145 147 20 152 26 155 156 96 163 99 37 165 166 38 109 174 175 180 182 120 124 58.20
32 64 65 66 3 4 133 199 137 11 80 145 147 20 152 26 155 156 96 163 99 37 165 166 38 109 174 175 180 182 183 120 124 665.74
31 64 65 66 3 133 199 137 11 80 145 147 20 152 26 155 156 96 163 99 37 165 166 38 109 174 175 180 182 183 120 124 465.78
30 64 65 66 3 133 199 137 11 80 145 147 20 152 26 155 156 96 163 99 37 165 166 38 109 174 175 180 183 120 124 145.56
29 64 65 66 3 133 199 137 11 80 145 147 20 152 26 155 156 96 163 99 37 165 166 38 174 175 180 183 120 124 794.38
28 64 65 66 3 133 199 137 11 80 145 147 152 26 155 156 96 163 99 37 165 166 38 174 175 180 183 120 124 857.23
27 64 65 66 3 133 199 137 11 80 145 147 152 155 156 96 163 99 37 165 166 38 174 175 180 183 120 124 586.53
26 64 65 66 3 133 137 11 80 145 147 152 155 156 96 163 99 37 165 166 38 174 175 180 183 120 124 144.63
25 64 65 66 3 133 137 11 80 145 147 152 156 96 163 99 37 165 166 38 174 175 180 183 120 124 418.60
25 64 65 66 3 133 8 137 11 145 147 152 156 96 163 99 37 165 166 38 174 175 180 183 120 124 189.69
24 64 96 65 66 3 163 99 133 165 166 38 8 137 11 174 175 145 147 180 183 152 120 156 124 165.64
23 64 96 65 66 3 163 99 133 165 166 38 8 137 11 174 175 145 147 180 183 152 120 124 232.44
22 64 96 65 66 3 99 133 165 166 38 8 137 11 174 175 145 147 180 183 152 120 124 1415.99
21 64 96 65 66 3 99 133 165 166 38 8 137 11 174 175 145 180 183 152 120 124 40.10
20 64 96 65 66 3 99 165 166 38 8 137 11 174 175 145 180 183 152 120 124 833.14
19 64 96 65 66 3 99 165 166 38 8 137 11 174 175 145 180 152 120 124 396.81
18 64 96 65 66 3 99 165 166 38 8 137 11 174 175 145 180 152 120 38.95
17 64 96 65 66 3 99 165 38 8 137 11 174 175 145 180 152 120 266.23
16 64 96 65 66 3 99 165 38 8 137 174 175 145 180 152 120 719.63
15 64 96 65 66 3 99 165 38 8 137 174 145 180 152 120 170.06
14 64 96 65 66 3 99 165 8 137 174 145 180 152 120 107.47
13 64 96 65 66 3 99 165 8 137 174 145 152 120 434.02
12 64 96 65 145 66 3 99 165 152 120 137 174 394.36
11 64 96 65 145 66 3 99 165 152 137 174 724.21
10 64 96 65 145 3 99 165 152 137 174 8.65
9 64 96 65 145 99 165 152 137 174 150.44
9 64 96 65 145 99 165 24 137 174 902.02
8 64 65 145 99 165 24 137 174 854.77
7 64 65 145 99 24 137 174 1029.85
6 64 65 145 99 24 174 287.88
5 64 65 99 24 174 154.00
5 64 0 65 99 24 25.00
4 64 0 99 24 1749.00
4 0 99 24 91 183.00
3 0 24 91 1444.00
2 0 91 1194.00
2 146 91 408.00
1 146 1088.00
129014.17
65_XPY 1000_QR 20_XPY 65_XPY 40_COPY 1200_QR 350_SUM 500_SUM 35_XPY 35_XPY 40_COPY 350_SUM 1200_QR 1000_QR 20_XPY 1300_QR 1200_QR 10_COPY 10_COPY 40_COPY 50_XPY 200_SUM 200_SUM 1000_QR 40_COPY 1100_QR 1100_QR 10_COPY 500_SUM 40_COPY 650_SUM 65_XPY 1300_QR 350_SUM 650_SUM 200_SUM 20_XPY 50_XPY 500_SUM 1100_QR 40_COPY 50_XPY 20_XPY 50_XPY 1000_QR 1300_QR 40_COPY 35_XPY 50_XPY 65_XPY 40_COPY 65_XPY 40_COPY 500_SUM 500_SUM 200_SUM 50_XPY 65_XPY 1100_QR 350_SUM 500_SUM 1300_QR 650_SUM 1300_QR 55_COPY 40_COPY 25_COPY 1200_QR 25_COPY 10_COPY 1100_QR 10_COPY 350_SUM 10_COPY 55_COPY 40_COPY 650_SUM 20_XPY 40_COPY 20_XPY 55_COPY 55_COPY 1300_QR 50_XPY 25_COPY 35_XPY 1000_QR 1200_QR 1000_QR 1300_QR 55_COPY 1100_QR 10_COPY 200_SUM 25_COPY 50_XPY 1200_QR 35_XPY 500_SUM 55_COPY 50_XPY 10_COPY 1000_QR 1200_QR 20_XPY 20_XPY 1000_QR 35_XPY 350_SUM 200_SUM 200_SUM 500_SUM 1300_QR 50_XPY 1100_QR 1000_QR 10_COPY 200_SUM 65_XPY 650_SUM 1100_QR 1000_QR 50_XPY 35_XPY 1300_QR 65_XPY 65_XPY 65_XPY 10_COPY 1000_QR 50_XPY 50_XPY 1000_QR 1100_QR 50_XPY 35_XPY 650_SUM 40_COPY 40_COPY 350_SUM 1200_QR 10_COPY 20_XPY 35_XPY 10_COPY 1300_QR 350_SUM 50_XPY 200_SUM 55_COPY 40_COPY 1200_QR 40_COPY 65_XPY 10_COPY 25_COPY 50_XPY 1000_QR 200_SUM 1300_QR 1300_QR 1300_QR 1000_QR 50_XPY 650_SUM 1200_QR 65_XPY 650_SUM 20_XPY 650_SUM 200_SUM 500_SUM 350_SUM 1000_QR 55_COPY 40_COPY 1000_QR 35_XPY 200_SUM 25_COPY 1300_QR 50_XPY 200_SUM 35_XPY 35_XPY 35_XPY 55_COPY 1200_QR 40_COPY 55_COPY 1300_QR 650_SUM 500_SUM 1300_QR 20_XPY 1200_QR 1200_QR 650_SUM 1100_QR 1100_QR 