29
40 11 9 3 14 48 49 47 26 7 22 8 15 40 44 18 36 2 23 31 39 1 6 12 21 30 10 19 38 33 25 28 27 29 35 24 41 13 37 42 5 6877.32
40 1 2 5 6 7 8 10 12 13 14 15 16 17 18 19 20 21 22 23 24 25 26 27 28 29 30 31 33 35 36 37 38 39 40 41 42 44 47 48 49 2512.46
40 1 2 5 6 7 8 10 12 13 14 15 16 17 18 19 20 21 22 23 24 25 26 27 28 29 30 31 35 36 37 38 39 40 41 42 44 45 47 48 49 3079.89
40 1 2 4 5 6 8 10 12 13 15 16 17 18 19 20 21 23 24 25 27 28 29 30 31 32 34 35 36 37 38 39 40 41 42 43 44 45 46 48 49 2023.32
38 1 2 4 6 8 10 12 13 15 16 17 18 19 20 21 23 24 25 27 28 29 30 31 32 34 35 36 37 38 39 40 41 42 43 44 45 46 48 4173.16
34 1 2 4 6 10 12 13 16 17 18 19 20 21 23 24 25 27 28 29 30 31 32 34 35 36 37 38 39 41 42 43 45 46 48 2032.47
31 1 2 4 6 10 12 16 17 18 19 20 21 23 24 25 27 28 29 30 31 32 34 35 36 38 39 41 43 45 46 48 58.22
29 1 2 4 6 10 12 16 17 18 19 20 21 23 24 25 27 28 29 30 31 32 34 35 36 38 39 41 45 48 450.16
28 1 2 4 6 10 12 16 17 18 19 21 23 24 25 27 28 29 30 31 32 34 35 36 38 39 41 45 48 14.52
26 1 2 4 6 10 12 18 19 21 23 24 25 27 28 29 30 31 32 34 35 36 38 39 41 45 48 185.48
25 1 2 4 6 10 12 18 19 21 23 24 25 27 29 30 31 32 34 35 36 38 39 41 45 48 616.61
24 32 1 2 34 35 4 36 6 38 39 41 10 12 45 48 18 19 21 23 24 27 29 30 31 435.45
23 32 1 2 34 35 4 36 6 38 39 41 10 12 45 18 19 21 23 24 27 29 30 31 269.97
20 32 1 2 34 35 4 36 6 39 41 12 45 18 21 23 24 27 29 30 31 162.64
19 32 1 2 34 35 4 36 6 39 41 12 18 21 23 24 27 29 30 31 30.29
17 32 1 2 34 35 4 6 39 41 12 21 23 24 27 29 30 31 2432.75
15 32 1 2 34 35 4 6 39 41 12 21 23 24 30 31 39.46
14 32 1 2 34 4 6 39 41 12 21 23 24 30 31 3957.59
12 32 1 2 21 6 39 23 24 41 12 30 31 274.34
10 32 1 2 21 6 39 23 12 30 31 151.32
9 1 2 21 6 39 23 12 30 31 795.42
7 1 2 21 6 39 12 30 173.91
6 1 2 21 6 12 30 11.89
5 1 21 6 12 30 1021.00
5 0 1 21 6 12 360.00
4 0 1 6 12 209.00
3 0 1 6 10.00
2 0 1 365.00
1 0 1444.00
34167.63
35_XPY 55_COPY 40_COPY 20_XPY 650_SUM 350_SUM 55_COPY 35_XPY 50_XPY 20_XPY 25_COPY 20_XPY 55_COPY 500_SUM 35_XPY 50_XPY 350_SUM 350_SUM 65_XPY 25_COPY 350_SUM 55_COPY 35_XPY 40_COPY 1300_QR 1100_QR 35_XPY 1200_QR 1100_QR 1200_QR 55_COPY 40_COPY 650_SUM 10_COPY 650_SUM 1200_QR 65_XPY 500_SUM 25_COPY 40_COPY 50_XPY 1300_QR 500_SUM 200_SUM 50_XPY 350_SUM 200_SUM 35_XPY 65_XPY 350_SUM 