173
14 26 11 198 187 153 179 95 134 152 126 81 140 146 175 1964.95
40 192 196 68 69 198 134 11 139 75 140 76 142 79 16 81 146 84 148 85 86 152 153 25 93 95 159 31 100 41 43 175 179 180 182 122 58 187 126 62 127 6877.32
40 192 196 68 69 198 134 11 139 75 140 76 142 79 16 81 146 83 85 86 152 153 25 93 95 159 31 163 100 41 43 175 179 180 181 182 58 187 126 62 127 2512.46
40 192 196 68 69 198 134 9 11 139 75 140 76 142 79 16 81 146 83 85 152 153 25 93 95 159 163 100 41 43 175 179 180 181 117 182 58 187 126 62 127 522.77
40 192 196 68 69 198 134 9 10 11 139 75 76 142 79 16 81 146 83 85 152 153 25 93 95 159 163 100 104 41 43 175 180 181 117 182 58 187 126 62 127 407.14
40 192 196 68 69 134 8 9 10 11 139 75 76 142 79 16 81 146 83 85 152 153 25 93 95 159 163 100 104 41 43 175 180 181 117 182 58 187 126 62 127 1469.42
40 192 196 68 69 134 8 9 10 139 75 76 142 79 16 81 146 83 85 152 153 25 93 95 159 163 100 104 41 43 175 180 181 117 182 55 58 187 126 62 127 689.06
40 2 196 68 69 134 8 9 10 75 76 77 142 79 16 81 146 83 85 152 153 25 93 95 159 163 39 104 41 169 43 175 180 181 117 182 55 58 187 126 127 2429.89
40 2 196 68 69 134 8 9 10 75 76 77 142 79 16 81 146 83 85 152 153 91 93 95 159 163 39 104 41 169 43 175 181 117 182 55 58 187 126 127 191 1219.48
40 2 196 68 69 134 8 9 10 75 76 77 142 79 16 81 146 83 85 152 153 91 93 95 159 163 39 104 41 169 43 110 175 181 117 182 55 58 126 127 191 152.07
40 2 196 68 69 134 8 9 10 75 76 77 142 79 16 81 146 83 85 152 153 91 93 94 95 159 96 39 104 41 169 43 110 175 117 182 55 58 126 127 191 761.98
40 2 196 68 69 134 8 9 10 75 76 77 142 79 16 81 146 83 85 152 153 91 93 94 95 159 96 39 104 41 169 43 110 175 117 182 55 58 190 127 191 174.37
40 2 196 68 69 134 9 10 75 76 77 13 142 79 16 81 146 83 85 152 153 91 93 94 95 159 96 39 104 41 169 43 110 175 117 182 55 58 190 127 191 789.76
40 2 196 68 69 134 9 10 75 76 77 13 142 79 16 81 146 83 20 85 152 91 93 94 159 96 35 39 104 41 169 43 110 175 117 182 55 58 190 127 191 682.09
40 2 196 68 134 9 10 75 77 13 142 79 16 81 146 83 20 85 152 91 93 94 159 96 35 165 166 39 104 41 169 43 110 175 50 117 182 120 190 127 191 687.22
40 2 196 68 134 9 10 75 13 142 79 16 81 146 83 20 85 152 91 93 94 159 96 35 165 166 39 104 41 43 172 110 175 50 178 117 182 120 190 127 191 2395.89
40 2 196 68 134 9 10 75 13 142 79 16 81 83 20 85 152 91 28 93 94 159 96 35 165 166 39 104 41 43 172 110 111 50 178 117 182 120 190 127 191 642.08
40 2 196 68 134 9 10 75 13 142 79 143 16 81 83 20 85 152 91 28 93 94 159 96 35 165 166 39 41 43 172 110 111 50 178 117 182 120 190 127 191 173.55
40 128 2 196 133 134 9 10 75 13 142 14 143 16 81 83 20 85 152 91 28 93 94 159 96 97 35 165 166 38 39 41 172 110 111 50 178 117 120 190 191 435.92
40 128 2 196 133 134 9 10 75 13 142 14 143 16 81 83 20 85 152 91 28 93 94 159 96 97 35 165 166 38 39 41 170 172 111 50 178 117 120 190 191 1871.62
40 128 2 196 133 134 9 10 75 13 142 14 143 16 81 83 20 85 152 91 28 93 94 96 97 35 165 166 38 39 41 170 172 174 111 50 178 117 120 190 191 83.52
40 128 196 133 134 199 9 10 75 13 142 14 143 16 81 83 20 85 152 91 28 93 94 96 97 35 165 166 38 41 170 172 44 174 111 50 178 117 120 190 191 2427.37
40 128 196 133 134 199 9 10 75 13 142 14 143 16 81 83 20 85 152 28 93 94 96 97 35 165 166 38 41 170 172 44 174 111 50 178 117 120 56 190 191 1109.56
40 128 64 196 133 134 199 9 10 75 13 142 14 143 16 81 20 85 152 28 93 94 96 97 35 165 166 38 41 170 172 44 174 111 50 178 117 120 56 190 191 148.73
40 128 64 196 133 134 199 9 10 74 75 13 142 14 143 16 81 20 85 152 93 94 96 97 35 165 166 38 41 170 172 44 174 111 50 178 117 120 56 190 191 1500.16
40 128 64 196 133 134 199 10 74 75 13 142 14 143 16 80 81 20 85 152 93 94 96 97 35 165 166 38 41 170 172 44 174 111 50 178 117 120 56 190 191 334.09
40 128 64 196 133 134 199 10 74 75 13 142 14 143 16 80 81 85 152 93 94 96 97 35 99 165 166 38 41 170 172 44 174 111 50 178 117 120 56 190 191 3120.52
40 128 64 196 133 134 199 10 74 75 13 142 14 143 16 80 81 85 152 93 94 96 97 35 99 165 166 38 41 170 172 44 174 111 50 178 117 120 56 121 190 661.36
40 128 64 196 133 134 199 10 74 75 13 142 14 143 16 80 85 152 154 93 94 96 97 35 99 165 166 38 41 170 172 44 174 111 50 178 117 120 56 121 190 6896.86
40 128 64 196 133 134 199 10 74 75 13 142 14 143 16 80 18 85 152 154 93 97 35 99 165 166 38 167 41 170 172 44 174 111 50 178 117 120 56 121 190 757.30
40 128 64 196 133 134 199 10 74 75 13 142 14 143 16 80 18 85 21 152 154 93 97 35 99 165 166 38 167 41 170 172 44 174 111 50 178 117 120 56 121 962.86
40 128 64 196 133 134 199 10 74 75 13 142 14 143 16 80 18 85 21 22 152 154 93 97 99 165 166 38 167 41 170 172 44 174 111 50 178 117 120 56 121 2530.63
40 128 64 196 133 134 199 10 74 75 13 142 14 143 16 80 18 85 21 22 154 93 97 99 165 166 38 167 41 170 172 44 174 111 50 178 117 120 56 121 123 1150.77
40 128 64 196 133 199 10 74 75 13 142 14 143 16 80 18 85 21 22 154 93 97 99 165 166 38 167 41 170 172 44 174 111 50 178 117 120 56 121 123 59 86.55
40 128 64 196 133 199 10 74 75 13 142 14 143 16 80 18 19 85 21 22 154 93 97 99 165 166 38 167 41 170 172 44 174 50 178 117 120 56 121 123 59 643.71
40 128 64 196 133 199 73 10 74 75 13 142 14 16 80 18 19 85 21 22 154 93 97 99 165 166 38 167 41 170 172 44 174 50 178 117 120 56 121 123 59 250.69
40 128 64 196 133 199 73 10 74 75 13 142 14 16 80 145 18 19 85 21 22 154 93 97 99 165 166 38 167 41 170 172 174 50 178 117 120 56 121 123 59 698.10
40 128 64 196 133 70 199 73 10 74 75 13 142 14 16 80 145 18 19 85 21 22 154 93 97 99 165 166 38 167 41 170 172 174 50 178 120 56 121 123 59 1729.11
40 128 64 195 196 133 70 199 73 10 74 75 13 142 14 16 80 145 18 19 85 21 22 154 93 97 99 165 166 38 167 41 170 172 174 50 178 120 121 123 59 38.05
40 128 64 195 196 133 70 199 73 10 74 75 13 142 14 78 16 80 145 18 19 85 21 22 154 97 99 165 166 38 167 41 170 172 174 50 178 120 121 123 59 139.53
40 128 64 195 196 133 70 199 73 10 74 75 13 142 14 78 16 80 145 18 19 21 22 154 97 99 165 166 38 167 41 170 172 174 50 178 115 120 121 123 59 171.19
40 128 64 195 196 133 70 199 73 137 10 74 75 13 142 14 78 16 80 145 18 19 21 22 154 97 99 165 166 38 167 170 172 174 50 178 115 120 121 123 59 771.35
40 128 195 196 133 70 199 73 137 10 74 75 13 142 14 78 16 80 145 18 19 21 22 154 155 97 99 165 166 38 167 170 172 174 50 178 115 120 121 123 59 147.84
40 128 195 196 133 70 199 73 137 10 75 13 142 14 78 16 80 145 18 19 21 22 154 155 97 99 165 166 38 167 168 170 172 174 50 178 115 120 121 123 59 1122.24
40 128 195 196 133 70 199 73 137 10 75 13 14 78 80 145 18 19 21 22 154 155 29 97 99 165 37 166 38 167 168 170 172 174 50 178 115 120 121 123 59 379.25
40 128 195 196 133 70 199 73 137 10 75 13 14 78 145 18 19 21 22 154 155 29 97 99 165 37 166 38 167 168 40 170 172 174 50 178 115 120 121 123 59 327.82
40 128 195 196 133 70 199 73 137 10 75 13 14 78 145 18 19 21 22 154 155 29 97 165 37 166 38 167 168 40 170 172 174 50 178 115 120 121 123 59 60 410.28
40 128 65 195 196 133 70 199 73 137 10 75 13 14 78 145 18 19 21 22 154 155 29 97 165 37 166 38 167 168 40 170 172 174 50 178 115 120 121 123 60 95.11
40 128 65 195 133 70 199 73 137 10 75 13 14 78 145 18 19 21 22 154 155 29 97 165 37 101 166 38 167 168 40 170 172 174 50 178 115 120 121 123 60 704.01
40 128 65 195 133 70 199 73 137 10 13 14 78 145 18 19 21 22 154 155 29 97 165 37 101 166 38 167 168 40 170 172 174 50 178 114 115 120 121 123 60 1848.27
40 128 65 130 195 133 70 199 73 137 10 13 14 78 145 19 21 22 154 155 29 97 165 37 101 166 38 167 168 40 170 172 174 50 178 114 115 120 121 123 60 77.13
40 128 65 130 195 133 70 199 73 137 10 13 14 78 145 19 21 22 154 155 29 158 97 165 37 101 166 38 167 168 40 170 172 174 50 178 114 115 120 123 60 655.65
40 128 65 130 195 133 70 199 73 137 10 13 14 78 145 19 21 22 155 29 158 97 165 37 101 166 38 167 168 40 170 172 174 50 178 114 115 120 123 60 188 32.31
40 128 65 130 195 133 70 199 73 137 10 13 14 78 145 19 22 155 29 158 97 165 37 101 166 38 167 168 40 170 172 174 50 178 114 115 120 123 60 188 189 956.45
40 128 65 193 130 195 133 70 199 73 137 10 13 14 78 145 19 155 29 158 97 165 37 101 166 38 167 168 40 170 172 174 50 178 114 115 120 123 60 188 189 2526.82
40 128 65 193 130 195 4 133 70 199 73 137 10 13 14 78 145 19 155 29 158 97 165 37 101 166 38 167 168 40 170 172 174 50 178 114 115 120 60 188 189 1408.30
40 128 65 193 130 195 4 133 5 70 6 199 73 137 10 13 14 78 145 19 155 158 97 165 101 166 38 167 168 40 170 172 174 50 178 114 115 120 60 188 189 376.87
40 128 65 193 130 195 4 133 5 70 6 199 73 137 10 12 13 14 78 145 19 155 158 97 165 101 166 38 167 168 170 172 174 50 178 114 115 120 60 188 189 323.97
40 128 65 193 130 195 4 133 5 70 6 199 73 137 10 12 13 14 78 145 17 19 155 158 97 165 101 166 38 167 168 170 172 174 50 178 114 115 120 188 189 409.93
40 128 193 130 195 4 133 5 70 6 199 73 137 10 12 13 14 78 145 17 19 155 158 97 165 101 166 38 167 168 170 172 174 50 178 114 115 120 188 189 63 92.56
40 128 193 130 195 67 4 133 5 70 6 199 73 137 10 12 13 14 78 145 17 19 155 158 97 165 166 38 167 168 170 172 174 50 178 114 115 120 188 189 63 700.84
40 128 193 130 195 67 4 133 5 70 6 199 73 137 10 12 13 14 78 145 17 19 155 158 97 165 166 38 167 168 170 107 172 174 50 178 115 120 188 189 63 83.56
40 128 193 130 195 67 4 132 133 5 70 6 199 73 137 10 12 13 14 78 145 17 19 155 158 97 165 166 38 168 170 107 172 174 50 178 115 120 188 189 63 1027.13
40 128 193 130 195 67 4 132 133 5 70 6 199 73 137 10 138 12 13 14 78 145 17 19 155 158 97 165 166 38 168 170 107 172 174 50 178 115 188 189 63 316.66
40 128 193 130 195 67 4 132 133 5 70 6 199 73 137 10 138 12 13 14 78 145 17 19 155 158 97 165 166 38 168 170 107 171 172 174 50 178 188 189 63 168.02
40 128 193 130 195 67 4 132 133 5 70 6 199 73 10 138 12 13 14 78 145 17 19 155 158 97 165 166 38 168 170 107 171 172 174 176 50 178 188 189 63 112.21
40 128 193 130 195 67 4 132 133 5 70 6 199 73 10 138 12 13 14 78 145 17 155 158 97 165 166 38 168 170 107 171 172 174 176 50 178 185 188 189 63 158.68
40 128 193 195 67 4 132 133 5 70 6 199 73 10 138 12 13 14 78 145 17 155 158 97 165 166 38 168 170 107 171 172 174 176 50 178 185 186 188 189 63 72.73
40 128 193 195 67 3 4 132 133 5 70 6 199 73 10 138 12 13 14 78 145 17 155 97 165 166 38 168 170 107 171 172 174 176 50 178 185 186 188 189 63 432.99
40 128 193 195 67 3 4 132 133 5 70 6 199 73 10 138 12 13 14 78 145 17 97 165 166 38 168 170 107 171 172 174 176 48 50 178 185 186 188 189 63 142.17
40 128 193 195 67 3 4 132 133 5 70 6 199 73 10 138 12 13 14 78 145 17 97 165 166 38 170 107 171 172 174 176 48 50 178 185 57 186 188 189 63 85.95
40 128 193 195 67 3 4 132 133 5 70 6 199 73 10 138 12 13 14 78 145 17 97 165 166 38 170 107 171 172 174 176 48 113 50 178 185 57 186 189 63 26.45
40 128 193 195 67 3 4 132 133 5 70 6 199 73 10 138 12 13 14 78 145 17 97 162 165 166 38 170 107 171 172 174 176 48 113 50 178 185 57 186 63 856.23
40 128 193 194 195 67 3 4 132 133 5 70 6 199 73 138 12 13 14 78 145 17 97 162 165 166 38 170 107 171 172 174 176 48 113 50 178 185 57 186 63 148.76
40 128 194 195 67 3 4 132 133 5 70 6 199 7 73 138 12 13 14 78 145 17 97 33 162 165 166 38 170 107 171 172 174 176 48 113 178 185 57 186 63 123.64
40 128 194 195 67 3 4 132 133 5 70 6 199 7 73 138 12 13 14 78 145 17 97 33 162 165 166 38 170 107 171 172 174 176 48 113 54 185 57 186 63 1540.70
40 128 194 195 67 3 4 132 133 5 70 6 199 7 71 73 138 12 13 14 78 145 17 97 33 162 165 166 38 170 107 171 174 176 48 113 54 185 57 186 63 1141.26
40 128 194 195 67 3 4 132 133 5 70 6 199 7 71 72 73 138 12 14 78 145 17 97 33 162 165 166 38 170 107 171 174 176 48 113 54 185 57 186 63 247.27
40 128 194 195 67 3 4 132 133 5 70 6 199 7 71 72 73 138 12 141 14 78 145 17 97 33 162 165 38 170 107 171 174 176 48 113 54 185 57 186 63 798.88
40 128 194 195 67 3 4 132 133 5 70 6 199 7 71 72 73 138 12 141 14 78 145 17 32 97 33 162 38 170 107 171 174 176 48 113 54 185 57 186 63 1103.50
40 128 194 195 67 3 4 132 133 5 70 6 199 7 71 72 138 12 141 14 78 145 17 90 32 97 33 162 38 170 107 171 174 176 48 113 54 185 57 186 63 248.83
40 128 194 195 67 3 4 132 133 5 70 6 199 7 71 72 138 12 141 14 78 17 90 32 97 33 162 38 170 106 107 171 174 176 48 113 54 185 57 186 63 3253.67
40 128 194 195 67 3 4 132 133 5 70 6 199 7 71 72 138 12 141 14 78 17 90 32 97 33 162 38 106 107 171 109 174 176 48 113 54 185 57 186 63 218.74
40 128 194 195 67 3 4 132 133 5 70 6 199 7 71 72 138 12 141 14 78 17 90 32 33 162 38 106 107 171 109 174 176 48 113 54 119 185 57 186 63 218.74
40 128 194 195 67 3 4 132 133 5 70 6 199 7 71 72 138 12 141 78 17 149 90 32 33 162 38 106 107 171 109 174 176 48 113 54 119 185 57 186 63 2093.00
40 128 194 195 67 3 4 132 133 5 70 6 199 7 71 72 138 12 141 78 17 149 151 90 32 33 162 38 106 107 171 109 176 48 113 54 119 185 57 186 63 2112.03
40 128 194 195 67 3 4 132 133 5 70 6 199 7 71 72 138 12 141 78 17 149 151 90 32 33 162 106 107 171 109 176 48 113 49 54 119 185 57 186 63 6246.26
40 128 194 195 67 3 4 132 133 5 70 6 199 7 71 72 138 12 141 78 17 149 151 90 32 33 162 106 107 171 109 176 48 113 49 51 54 119 185 57 186 133.19
40 128 194 195 67 3 4 132 5 70 6 199 7 71 72 138 12 141 78 17 149 151 88 90 32 33 162 106 107 171 109 176 48 113 49 51 54 119 185 57 186 180.76
40 194 195 67 3 4 132 5 70 6 199 7 71 72 138 12 141 78 17 149 151 88 90 32 33 162 98 106 107 171 109 176 48 113 49 51 54 119 185 57 186 1132.12
40 194 195 67 3 4 132 5 70 6 7 71 72 138 12 141 78 17 149 151 88 90 32 33 162 98 103 106 107 171 109 176 48 113 49 51 54 119 185 57 186 1363.55
40 194 195 67 3 132 5 70 6 7 71 72 138 12 141 78 17 149 151 88 90 32 33 162 98 103 106 107 171 109 176 48 113 49 51 54 119 185 57 186 124 671.75
40 194 195 67 3 132 5 70 6 7 71 72 138 12 141 78 147 149 151 88 90 32 33 162 98 103 106 107 171 109 176 48 113 49 51 54 119 185 57 186 124 30.08
40 194 195 67 3 132 5 70 7 71 72 138 12 141 78 147 149 150 151 88 90 32 33 162 98 103 106 107 171 109 176 48 113 49 51 54 119 185 57 186 124 40.10
40 194 195 67 3 132 5 70 7 71 72 138 141 78 147 149 150 151 88 90 156 32 33 162 98 103 106 107 171 109 176 48 113 49 51 54 119 185 57 186 124 531.38
40 194 195 67 3 132 70 7 71 72 138 141 78 147 149 150 151 88 90 156 32 33 161 162 98 103 106 107 171 109 176 48 113 49 51 54 119 185 57 186 124 922.40
40 194 195 67 3 132 70 7 71 72 138 141 78 147 149 150 151 88 90 156 32 33 161 162 98 103 106 107 171 109 173 176 48 113 49 51 54 119 185 57 124 130.34
40 194 195 67 3 132 70 7 71 72 138 141 78 147 149 150 151 23 88 90 156 32 33 161 162 98 103 106 171 109 173 176 48 113 49 51 54 119 185 57 124 135.50
40 194 195 67 3 132 70 7 71 72 138 141 78 147 149 150 151 23 88 90 156 33 161 162 98 36 103 106 171 109 173 176 48 113 49 51 54 119 185 57 124 380.99
40 194 195 67 3 132 70 7 71 72 138 141 78 147 149 150 151 23 88 90 156 33 161 162 98 36 103 106 109 173 46 176 48 113 49 51 54 119 185 57 124 140.37
40 194 195 67 3 132 70 7 71 72 138 141 78 147 149 150 151 23 88 90 156 33 161 162 98 36 103 106 109 173 46 47 48 113 49 51 54 119 185 57 124 50.13
40 194 195 67 3 132 70 7 71 72 138 141 78 147 149 150 151 23 88 90 156 33 161 162 98 36 103 106 109 173 46 47 48 113 49 51 52 54 119 57 124 541.99
40 194 195 67 3 132 70 7 71 72 138 141 78 147 149 150 151 23 88 156 33 161 162 98 36 103 106 109 173 46 47 48 113 49 51 52 54 119 57 124 61 241.96
40 194 195 67 3 132 70 7 71 72 138 141 78 147 149 150 151 23 87 88 156 33 161 162 98 36 103 109 173 46 47 48 113 49 51 52 54 119 57 124 61 90.23
40 194 195 3 132 70 7 71 72 138 141 78 147 149 150 151 23 87 88 156 92 33 161 162 98 36 103 109 173 46 47 48 113 49 51 52 54 119 57 124 61 1102.87
40 194 195 3 70 7 71 72 138 141 78 147 149 150 151 23 87 88 156 92 33 161 162 98 36 103 109 173 46 47 48 112 113 49 51 52 54 119 57 124 61 80.21
40 194 195 3 70 7 71 72 141 78 147 149 150 151 23 87 88 156 92 33 161 162 98 36 103 109 173 46 47 48 112 113 49 51 52 116 54 119 57 124 61 445.32
40 194 195 3 70 7 71 72 141 78 147 149 150 151 23 87 88 156 92 33 161 162 98 36 103 109 173 46 47 48 112 113 51 52 116 54 119 57 124 61 125 2358.38
40 194 195 3 131 70 7 71 72 141 78 147 149 150 151 23 87 88 156 92 33 161 162 98 36 103 109 173 46 47 48 112 113 51 52 116 54 119 124 61 125 456.80
40 194 195 3 131 70 7 71 72 136 141 78 147 149 150 151 23 87 88 156 92 33 161 162 98 36 103 109 173 46 47 48 112 51 52 116 54 119 124 61 125 116.14
40 194 195 3 131 70 7 71 72 136 141 78 144 147 149 150 151 23 87 88 156 92 33 161 162 98 36 103 109 173 46 47 48 112 51 52 116 54 124 61 125 232.28
40 194 195 131 70 7 71 72 136 141 78 144 147 149 150 151 23 87 88 24 156 92 157 33 161 162 98 36 164 103 173 46 47 112 51 52 116 54 124 61 125 945.48
40 194 195 131 70 7 71 72 136 141 78 144 147 149 150 151 23 87 88 24 27 156 92 157 33 161 98 36 164 103 173 46 47 112 51 52 116 54 124 61 125 174.21
40 194 195 131 70 7 71 72 136 141 78 144 147 150 151 23 87 88 24 27 156 92 157 30 33 161 98 36 164 103 173 46 47 112 51 52 116 54 124 61 125 1253.56
40 195 131 70 7 71 72 136 141 78 144 147 150 151 23 87 88 24 27 156 92 157 30 33 161 98 34 36 164 103 173 46 47 112 51 52 116 54 124 61 125 1388.53
40 195 131 7 71 72 136 141 78 144 147 150 151 23 87 88 24 27 156 92 157 30 33 161 98 34 36 164 103 42 173 46 47 112 51 52 116 54 124 61 125 377.56
40 195 131 7 71 72 136 141 78 144 147 150 151 23 87 88 24 27 156 92 157 30 33 161 98 34 36 164 103 42 173 45 46 47 112 52 116 54 124 61 125 101.62
40 195 131 7 71 72 136 141 78 144 147 150 23 87 88 24 27 156 92 157 30 33 161 98 34 36 164 103 42 173 45 46 47 112 52 116 53 54 124 61 125 827.72
40 195 131 7 71 72 136 141 78 144 147 150 23 87 24 27 156 92 157 30 33 161 98 34 36 164 103 42 108 173 45 46 47 112 52 116 53 54 124 61 125 87.13
40 195 131 7 71 72 136 141 78 144 147 150 23 87 24 27 156 92 157 30 33 161 34 36 164 103 42 108 173 45 46 47 112 52 116 53 54 118 124 61 125 342.38
40 131 7 71 72 136 141 78 144 147 150 23 87 24 27 156 92 157 30 33 161 34 36 164 103 42 108 173 45 46 47 112 177 52 116 53 54 118 124 61 125 1350.49
40 131 7 71 72 136 141 78 144 147 150 23 87 24 27 156 92 157 30 33 161 34 36 164 42 108 173 45 46 47 112 177 52 116 53 54 118 183 124 61 125 856.77
40 131 7 71 72 136 141 78 144 147 150 23 87 24 27 156 92 157 30 33 161 34 36 164 42 108 173 45 46 47 112 177 52 116 53 54 118 183 184 61 125 640.45
40 131 7 71 72 136 141 78 144 147 150 23 87 27 156 92 157 30 33 161 34 36 164 102 42 108 173 45 46 47 112 177 52 116 53 54 118 183 184 61 125 941.27
39 131 7 71 72 136 141 78 144 147 150 23 87 156 92 157 30 33 161 34 36 164 102 42 108 173 45 46 47 112 177 52 116 53 54 118 183 184 61 125 164.96
38 131 7 71 72 136 141 78 144 147 150 23 87 156 92 157 33 161 34 36 164 102 42 108 173 45 46 47 112 177 52 116 53 54 118 183 184 61 125 667.99
37 131 7 71 72 136 141 78 144 147 150 23 87 92 157 33 161 34 36 164 102 42 108 173 45 46 47 112 177 52 116 53 54 118 183 184 61 125 232.34
36 131 7 71 72 136 141 78 144 147 23 87 92 157 33 161 34 36 164 102 42 108 173 45 46 47 112 177 52 116 53 54 118 183 184 61 125 290.43
35 131 7 71 72 136 141 78 144 147 23 87 92 157 33 34 36 164 102 42 108 173 45 46 47 112 177 52 116 53 54 118 183 184 61 125 87.33
34 131 7 71 72 136 141 78 144 147 23 87 92 157 33 36 164 102 42 108 173 45 46 47 112 177 52 116 53 54 118 183 184 61 125 455.01
33 131 7 71 72 136 141 78 144 147 23 87 92 157 33 36 164 102 42 108 45 46 47 112 177 52 116 53 54 118 183 184 61 125 87.13
32 131 7 71 72 136 141 78 144 23 87 92 157 33 36 164 102 42 108 45 46 47 112 177 52 116 53 54 118 183 184 61 125 863.64
31 131 7 71 72 136 141 78 144 23 87 92 157 33 36 164 102 108 45 46 47 112 177 52 116 53 54 118 183 184 61 125 138.28
30 131 7 71 72 136 141 78 144 23 87 92 157 33 36 164 102 108 45 46 47 112 177 52 116 54 118 183 184 61 125 138.28
29 131 7 71 72 136 141 78 144 23 87 92 157 33 36 164 102 108 46 47 112 177 52 116 54 118 183 184 61 125 538.56
29 131 7 71 72 136 141 78 144 23 87 89 92 157 33 36 164 102 108 46 47 112 177 52 116 54 183 184 61 125 152.83
28 131 7 71 72 136 141 78 144 23 87 89 92 157 33 36 164 102 46 47 112 177 52 116 54 183 184 61 125 312.95
28 131 7 71 72 136 141 78 144 23 87 89 92 157 33 36 164 102 105 46 47 112 52 116 54 183 184 61 125 338.03
27 131 7 71 72 136 141 78 144 23 87 89 92 157 33 36 164 102 105 46 47 112 52 116 183 184 61 125 44.09
26 131 7 71 72 136 141 78 144 23 87 89 92 157 36 164 102 105 46 47 112 52 116 183 184 61 125 422.11
26 131 197 7 71 72 136 141 78 144 23 87 89 92 157 36 164 102 105 46 47 112 52 116 184 61 125 27.56
25 131 197 71 72 136 141 78 144 23 87 89 92 157 36 164 102 105 46 47 112 52 116 184 61 125 596.78
24 131 36 164 197 102 71 72 136 105 141 78 46 47 144 112 52 116 23 87 89 92 157 61 125 633.80
24 131 36 164 197 102 72 136 105 141 78 46 47 15 144 112 52 116 23 87 89 92 157 61 125 650.33
23 131 36 164 197 102 72 136 105 78 46 47 15 144 112 52 116 23 87 89 92 157 61 125 71.65
22 131 36 164 197 102 136 105 78 46 47 15 144 112 52 116 23 87 89 92 157 61 125 1423.18
21 131 36 164 197 136 105 78 46 47 15 144 112 52 116 23 87 89 92 157 61 125 704.01
20 131 36 164 197 136 105 46 47 15 144 112 52 116 23 87 89 92 157 61 125 168.78
19 131 36 164 197 136 105 47 15 144 112 52 116 23 87 89 92 157 61 125 69.84
19 129 131 36 164 197 136 105 47 15 144 112 116 23 87 89 92 157 61 125 17.46
18 129 131 36 164 197 136 105 15 144 112 116 23 87 89 92 157 61 125 33.95
17 129 131 36 164 197 136 105 15 144 112 116 23 87 89 92 157 125 155.20
17 129 131 164 197 135 136 105 15 144 112 116 23 87 89 92 157 125 349.20
16 129 131 164 197 135 136 105 15 144 112 116 87 89 92 157 125 386.61
15 129 131 164 197 135 136 105 15 144 112 116 87 89 157 125 16.63
14 129 131 164 197 135 136 105 15 144 112 116 87 89 157 58.20
12 144 129 131 164 197 135 87 136 105 89 157 15 84.07
11 144 129 131 164 197 135 136 105 89 157 15 440.78
10 144 129 131 164 135 136 105 89 157 15 715.86
9 144 129 131 164 135 136 105 89 15 58.20
9 144 129 66 131 135 136 105 89 15 383.59
9 129 66 82 131 135 136 105 89 15 87.30
8 129 66 82 131 135 105 89 15 24.62
8 160 129 66 82 135 105 89 15 1912.30
7 160 129 66 82 135 105 15 3.88
6 129 66 82 135 105 15 78.27
5 129 66 82 135 15 30.00
5 0 129 66 135 15 73.00
4 0 129 66 135 902.00
3 0 129 135 100.00
2 0 129 571.00
1 0 507.00
1 1 4039.00
129748.77
500_SUM 1200_QR 35_XPY 1200_QR 1100_QR 1100_QR 1100_QR 1300_QR 20_XPY 500_SUM 55_COPY 50_XPY 1100_QR 40_COPY 40_COPY 1100_QR 40_COPY 1100_QR 1000_QR 50_XPY 35_XPY 1000_QR 1000_QR 650_SUM 200_SUM 1000_QR 20_XPY 200_SUM 20_XPY 10_COPY 200_SUM 10_COPY 500_SUM 1300_QR 200_SUM 65_XPY 650_SUM 10_COPY 55_COPY 35_XPY 10_COPY 40_COPY 200_SUM 25_COPY 25_COPY 200_SUM 650_SUM 650_SUM 1200_QR 350_SUM 40_COPY 350_SUM 650_SUM 200_SUM 1300_QR 20_XPY 25_COPY 1200_QR 50_XPY 20_XPY 10_COPY 650_SUM 35_XPY 1100_QR 25_COPY 10_COPY 50_XPY 1100_QR 25_COPY 50_XPY 40_COPY 1300_QR 1300_QR 65_XPY 25_COPY 55_COPY 50_XPY 20_XPY 55_COPY 25_COPY 25_COPY 1300_QR 10_COPY 1100_QR 20_XPY 55_COPY 10_COPY 650_SUM 350_SUM 25_COPY 500_SUM 35_XPY 650_SUM 55_COPY 65_XPY 65_XPY 65_XPY 40_COPY 350_SUM 25_COPY 35_XPY 10_COPY 10_COPY 350_SUM 35_XPY 25_COPY 500_SUM 1100_QR 200_SUM 500_SUM 20_XPY 65_XPY 650_SUM 1200_QR 10_COPY 1000_QR 650_SUM 1300_QR 200_SUM 500_SUM 40_COPY 25_COPY 20_XPY 1000_QR 350_SUM 650_SUM 1100_QR 25_COPY 55_COPY 1200_QR 10_COPY 650_SUM 1100_QR 55_COPY 40_COPY 650_SUM 650_SUM 1000_QR 1100_QR 35_XPY 350_SUM 1300_QR 40_COPY 65_XPY 650_SUM 65_XPY 650_SUM 350_SUM 20_XPY 500_SUM 350_SUM 500_SUM 55_COPY 65_XPY 25_COPY 1000_QR 350_SUM 650_SUM 10_COPY 65_XPY 200_SUM 350_SUM 1200_QR 10_COPY 650_SUM 40_COPY 40_COPY 25_COPY 1000_QR 20_XPY 55_COPY 1100_QR 40_COPY 350_SUM 55_COPY 650_SUM 1100_QR 200_SUM 40_COPY 350_SUM 1000_QR 10_COPY 25_COPY 200_SUM 200_SUM 1100_QR 1100_QR 500_SUM 10_COPY 10_COPY 65_XPY 50_XPY 35_XPY 10_COPY 1200_QR 40_COPY 40_COPY 10_COPY 1000_QR 55_COPY 