97
2 99 98 3505.00
2 97 99 1090.00
3 96 97 95 2402.00
2 96 95 3213.00
3 92 93 94 1420.00
2 93 94 2619.00
2 91 94 1234.00
2 90 91 186.00
1 90 1234.00
2 88 89 4595.00
1 88 1020.00
1 87 2388.00
2 85 86 1496.00
1 85 2009.00
3 82 83 84 855.00
2 82 84 3184.00
2 81 84 1234.00
2 80 81 1995.00
2 80 79 142.00
1 79 1995.00
1 78 4039.00
2 75 77 855.00
1 77 2374.00
2 74 76 1496.00
1 74 1996.00
1 73 7711.00
2 70 72 2777.00
1 72 2496.00
2 66 71 2304.00
1 71 1188.00
1 69 2304.00
2 67 68 2777.00
1 67 728.00
1 65 3492.00
1 64 5615.00
2 62 63 4039.00
2 61 62 3672.00
1 61 1943.00
1 60 855.00
3 54 58 59 5273.00
2 54 59 342.00
1 57 4039.00
1 56 2137.00
1 55 3229.00
3 49 51 53 1341.00
2 51 53 796.00
2 51 52 640.00
1 52 4633.00
2 48 50 4039.00
2 50 47 1234.00
1 47 2271.00
2 45 46 2304.00
2 41 45 473.00
2 41 44 2137.00
4 39 41 42 43 167.00
3 39 42 43 688.00
2 39 43 2637.00
2 39 40 13.00
1 40 2291.00
1 38 3505.00
1 37 4595.00
2 35 36 1341.00
1 36 155.00
2 34 31 2137.00
2 33 31 1092.00
1 33 1212.00
1 32 855.00
1 30 4595.00
2 28 29 1420.00
2 26 29 2072.00
4 22 23 26 27 855.00
2 26 27 565.00
2 25 27 968.00
2 24 25 2537.00
2 21 24 3078.00
1 21 1517.00
2 18 20 2777.00
3 17 20 15 1818.00
3 17 19 15 319.00
3 16 19 15 1902.00
2 16 19 235.00
1 19 5255.00
1 14 4595.00
2 11 13 1341.00
1 13 2698.00
1 12 5273.00
2 8 10 3229.00
1 10 4482.00
2 7 9 1341.00
2 1 9 1436.00
2 1 6 1341.00
1 6 3254.00
2 4 5 3229.00
2 3 5 2386.00
2 2 3 2209.00
1 2 1283.00
1 0 1496.00
215559.00
350_SUM 650_SUM 50_XPY 65_XPY 1100_QR 40_COPY 65_XPY 20_XPY 1100_QR 650_SUM 55_COPY 20_XPY 1300_QR 1200_QR 65_XPY 1200_QR 500_SUM 500_SUM 650_SUM 55_COPY 65_XPY 65_XPY 200_SUM 200_SUM 40_COPY 25_COPY 50_XPY 35_XPY 10_COPY 50_XPY 65_XPY 1100_QR 200_SUM 1000_QR 500_SUM 20_XPY 350_SUM 65_XPY 25_COPY 25_COPY 1000_QR 650_SUM 200_SUM 50_XPY 500_SUM 650_SUM 1000_QR 25_COPY 1200_QR 20_XPY 1300_QR 650_SUM 1300_QR 500_SUM 40_COPY 1100_QR 500_SUM 1200_QR 1300_QR 40_COPY 200_SUM 40_COPY 55_COPY 1200_QR 40_COPY 50_XPY 1000_QR 25_COPY 650_SUM 1000_QR 650_SUM 50_XPY 1300_QR 55_COPY 50_XPY 200_SUM 350_SUM 1100_QR 1200_QR 500_SUM 500_SUM 1100_QR 1200_QR 200_SUM 1300_QR 25_COPY 350_SUM 35_XPY 40_COPY 65_XPY 10_COPY 10_COPY 10_COPY 1200_QR 1300_QR 40_COPY 40_COPY 50_XPY 25_COPY 65_XPY 