97
2 98 99 3492.00
2 97 99 1781.00
2 96 97 1711.00
1 96 1781.00
2 94 95 3505.00
1 95 2110.00
2 92 93 2777.00
3 87 90 91 1420.00
4 86 87 88 89 76.00
3 86 88 89 779.00
2 86 88 2637.00
1 86 13.00
1 85 3505.00
2 82 84 2304.00
1 84 1201.00
1 83 1496.00
1 81 1341.00
1 80 5273.00
2 78 79 855.00
1 78 1282.00
1 77 3505.00
1 76 3229.00
2 73 75 3229.00
2 73 74 810.00
2 71 74 1578.00
2 71 72 1927.00
1 72 2668.00
2 69 70 2388.00
1 69 2207.00
2 64 68 3505.00
3 64 66 67 2110.00
2 66 67 27.00
1 67 3478.00
2 65 63 3492.00
1 63 1781.00
2 61 62 855.00
1 62 3740.00
1 60 4595.00
2 58 59 2137.00
3 52 56 57 2137.00
3 52 55 57 1355.00
3 48 55 57 547.00
2 48 55 2693.00
4 48 50 51 54 2388.00
4 48 50 51 53 841.00
3 48 51 53 1242.00
3 51 53 44 694.00
3 51 44 47 108.00
3 49 44 47 3793.00
2 49 47 246.00
2 46 47 448.00
1 46 4147.00
1 45 2137.00
1 43 1341.00
2 41 42 2137.00
1 41 3478.00
1 40 1496.00
2 38 39 4595.00
1 39 3116.00
1 37 1341.00
2 35 36 2388.00
1 35 1104.00
1 34 2388.00
3 32 33 29 855.00
2 33 29 3184.00
3 29 30 31 1234.00
2 30 31 1543.00
1 30 1262.00
2 25 28 1341.00
1 28 6370.00
1 27 1341.00
1 26 5273.00
1 24 4039.00
2 22 23 855.00
1 22 1533.00
2 20 21 2388.00
1 21 2885.00
2 16 19 3229.00
3 16 18 15 1341.00
2 16 18 79.00
3 16 17 12 855.00
2 16 17 111.00
1 17 1422.00
3 11 13 14 855.00
2 11 13 486.00
1 13 79.00
3 6 9 10 2304.00
3 6 7 9 473.00
2 7 9 1915.00
1 9 581.00
2 5 8 1341.00
2 4 8 1341.00
1 8 2591.00
2 2 3 3492.00
2 1 2 13.00
2 0 1 3229.00
1 1 797.00
193397.00
1100_QR 1200_QR 25_COPY 50_XPY 20_XPY 20_XPY 650_SUM 35_XPY 1300_QR 1300_QR 1000_QR 20_XPY 200_SUM 10_COPY 200_SUM 20_XPY 40_COPY 35_XPY 10_COPY 1100_QR 35_XPY 1300_QR 35_XPY 200_SUM 1200_QR 20_XPY 1300_QR 20_XPY 55_COPY 1300_QR 1200_QR 650_SUM 200_SUM 1200_QR 35_XPY 50_XPY 35_XPY 20_XPY 65_XPY 55_COPY 350_SUM 40_COPY 500_SUM 20_XPY 65_XPY 500_SUM 65_XPY 65_XPY 55_COPY 1200_QR 1100_QR 1300_QR 50_XPY 650_SUM 35_XPY 65_XPY 500_SUM 1200_QR 500_SUM 500_SUM 65_XPY 200_SUM 65_XPY 1300_QR 40_COPY 50_XPY 500_SUM 40_COPY 25_COPY 65_XPY 35_XPY 25_COPY 65_XPY 1200_QR 35_XPY 1100_QR 1100_QR 25_COPY 500_SUM 200_SUM 1300_QR 20_XPY 1000_QR 350_SUM 25_COPY 25_COPY 25_COPY 350_SUM 50_XPY 200_SUM 10_COPY 10_COPY 650_SUM 650_SUM 25_COPY 40_COPY 50_XPY 50_XPY 50_XPY 1300_QR 