81
19 36 82 88 98 97 93 81 63 48 25 3 45 65 10 42 68 29 16 28 2750.93
20 97 65 98 3 68 10 42 45 48 16 81 82 19 88 25 28 93 29 30 63 2236.31
27 65 3 68 4 10 74 16 82 19 23 88 25 27 28 93 29 30 97 98 42 45 46 50 52 57 60 63 123.97
31 65 3 4 10 74 75 16 17 82 19 23 88 25 27 28 93 29 30 97 98 41 42 43 45 46 50 52 55 57 60 63 919.03
40 65 3 4 70 71 74 75 77 78 16 17 82 19 84 23 24 25 27 28 92 93 29 30 32 96 97 98 99 41 43 45 46 47 50 52 55 57 59 60 63 4638.03
40 65 3 67 4 70 71 74 75 77 78 16 17 19 84 20 23 24 27 28 92 93 29 30 32 96 97 33 98 99 41 43 45 46 47 50 52 55 57 59 60 682.09
40 65 1 3 67 4 70 71 75 77 78 16 17 19 84 20 23 24 27 28 92 93 29 30 32 96 97 33 98 99 41 43 45 46 47 50 52 55 57 59 60 193.87
40 1 3 67 4 70 71 75 77 78 16 17 19 84 20 23 24 27 28 92 93 29 30 32 96 97 33 98 99 41 43 45 46 47 50 52 53 55 57 59 60 1369.31
40 1 3 67 4 70 71 75 77 78 14 16 17 19 84 20 23 27 28 92 93 29 30 32 96 97 33 98 99 41 43 45 46 47 50 52 53 55 57 59 60 48.52
40 1 3 67 4 70 71 75 77 78 14 16 17 19 84 20 22 27 28 92 93 29 30 32 96 97 33 98 99 41 43 44 45 46 47 50 52 53 55 59 60 1547.15
40 1 3 67 4 70 71 75 77 78 14 16 17 19 84 20 22 90 27 28 92 93 29 30 32 96 97 33 98 99 43 44 45 46 47 50 52 53 55 59 60 919.03
40 1 2 3 67 4 70 71 75 78 14 16 17 19 84 20 22 90 27 28 92 93 29 30 96 97 33 98 99 35 43 44 45 46 47 50 52 53 55 59 60 710.87
40 1 2 3 67 4 70 71 75 78 14 16 17 19 84 20 22 90 27 28 92 93 29 96 97 33 98 99 35 37 43 44 45 46 47 50 52 53 55 59 60 746.48
40 1 2 3 67 4 70 71 75 78 14 16 17 19 83 84 20 22 90 27 28 92 29 96 33 98 99 35 37 43 44 45 46 47 50 52 53 55 56 59 60 454.52
40 1 2 3 67 4 5 70 71 75 78 14 16 17 19 83 84 20 22 90 27 28 92 96 33 99 35 37 43 44 45 46 47 50 52 53 54 55 56 59 60 1994.28
40 1 2 3 67 4 5 70 71 75 78 14 16 19 83 84 20 22 90 26 27 28 92 96 33 99 35 37 43 44 45 46 47 50 52 53 54 55 56 59 60 697.95
40 1 2 3 67 4 5 70 71 75 78 14 16 19 83 84 20 85 22 90 26 27 28 92 96 33 99 35 37 44 45 46 47 50 52 53 54 55 56 59 60 2294.27
40 1 2 3 67 4 5 70 71 9 75 78 16 19 83 84 20 85 22 90 26 27 28 92 96 33 99 35 37 44 45 46 47 50 52 53 54 55 56 59 60 46.28
40 1 2 3 67 4 5 70 71 9 75 13 78 16 19 83 84 20 85 90 26 27 28 92 96 33 99 35 37 44 45 46 47 50 52 53 54 55 56 59 60 58.20
40 1 2 3 67 4 5 70 71 9 75 13 78 16 19 83 84 20 85 90 26 27 92 96 33 99 35 37 38 44 45 46 47 50 52 53 54 55 56 59 60 725.60
40 1 2 3 4 5 70 71 9 75 13 78 16 19 83 84 85 90 26 27 92 96 33 99 35 37 38 40 44 45 46 47 50 51 52 53 54 55 56 59 60 21.37
40 1 2 66 3 4 5 70 71 72 9 75 13 78 16 19 83 84 85 90 26 27 92 96 33 99 35 37 38 40 44 45 47 51 52 53 54 55 56 59 60 600.03
40 1 2 66 3 4 5 70 71 72 9 75 13 78 16 19 84 85 90 26 27 92 96 33 99 35 37 38 40 44 45 47 51 52 53 54 55 56 58 59 60 134.99
40 1 2 66 3 4 5 70 71 72 9 75 13 78 16 19 84 85 90 26 27 92 96 33 99 35 37 38 40 44 47 51 52 53 54 55 56 58 59 60 62 822.88
40 1 2 66 3 4 5 6 72 9 75 13 78 15 16 19 85 90 26 27 92 96 33 99 35 37 38 40 44 47 51 52 53 54 55 56 58 59 60 61 62 2018.59
40 1 2 66 3 4 5 6 72 9 75 13 78 15 16 19 85 90 26 27 92 94 96 33 99 35 37 38 40 44 47 51 52 53 54 56 58 59 60 61 62 347.12
40 1 2 66 3 4 5 6 7 72 9 75 13 78 15 16 19 85 90 26 27 92 94 96 33 99 35 37 38 40 44 47 51 52 53 54 58 59 60 61 62 3835.19
40 1 2 66 3 4 5 6 7 72 9 75 13 78 15 16 19 85 90 26 27 92 94 95 96 33 99 35 37 38 40 44 51 52 53 54 58 59 60 61 62 626.72
40 1 2 66 3 4 5 6 7 72 9 75 13 78 15 16 18 19 85 90 26 27 92 94 95 96 33 99 35 37 38 40 44 51 52 53 54 58 60 61 62 1532.59
40 1 2 66 3 4 5 6 7 72 9 75 13 78 15 16 18 19 85 90 26 27 92 94 95 96 33 34 35 37 38 40 44 51 52 53 54 58 60 61 62 226.63
38 1 2 66 3 4 5 6 7 72 9 75 13 78 15 16 18 19 85 90 26 27 92 94 95 96 33 34 35 37 38 40 44 51 53 54 58 61 62 962.64
40 1 2 66 3 4 5 6 7 72 9 75 76 13 78 15 18 19 85 90 26 27 92 94 95 31 96 33 34 35 37 38 39 40 44 51 53 54 58 61 62 1122.92
40 1 2 66 3 4 5 69 6 7 72 9 75 76 13 78 15 18 19 85 90 26 27 92 94 95 31 96 33 34 35 37 38 39 40 51 53 54 58 61 62 183.92
40 1 2 66 3 4 5 69 6 7 72 9 75 76 13 78 15 18 19 85 90 26 27 92 94 95 31 96 34 35 37 38 39 40 49 51 53 54 58 61 62 454.18
39 1 2 66 3 4 5 69 6 7 72 9 75 76 13 78 15 18 19 85 90 26 27 92 94 95 31 96 34 35 37 38 39 40 49 51 53 58 61 62 2275.48
38 1 2 66 3 5 69 6 7 72 9 75 76 13 78 15 18 19 85 90 26 27 92 94 95 31 96 34 35 37 38 39 40 49 51 53 58 61 62 958.42
36 1 2 66 3 5 69 7 72 9 75 76 13 78 18 19 85 90 26 27 92 94 95 31 96 34 35 37 38 39 40 49 51 53 58 61 62 307.99
35 1 2 66 3 5 69 72 9 75 76 13 78 18 19 85 90 26 27 92 94 95 31 96 34 35 37 38 39 40 49 51 53 58 61 62 788.72
34 1 2 66 3 5 69 72 9 75 76 13 78 18 19 85 26 27 92 94 95 31 96 34 35 37 38 39 40 49 51 53 58 61 62 295.68
33 1 2 66 3 5 69 72 9 75 76 13 78 18 19 85 26 27 92 94 95 31 96 34 35 37 38 39 40 49 51 58 61 62 638.94
32 1 2 66 3 5 69 72 9 75 76 13 78 18 19 85 26 27 92 95 31 96 34 35 37 38 39 40 49 51 58 61 62 109.17
31 1 2 66 3 5 69 72 9 75 76 13 78 18 19 85 26 27 92 95 31 96 35 37 38 39 40 49 51 58 61 62 736.72
30 1 2 66 3 5 69 72 75 76 13 78 18 19 85 26 27 92 95 31 96 35 37 38 39 40 49 51 58 61 62 960.67
29 1 2 66 3 5 69 72 75 76 13 78 18 19 85 26 27 92 95 31 96 35 37 38 39 40 51 58 61 62 167.13
28 2 66 3 5 69 72 75 76 13 78 18 19 85 26 27 92 95 31 96 35 37 38 39 40 51 58 61 62 479.08
27 2 66 3 5 69 72 75 76 13 78 18 19 85 26 27 92 95 31 96 35 37 38 39 40 51 61 62 152.17
25 2 66 5 69 72 75 76 13 78 18 19 85 26 27 92 95 31 96 37 38 39 40 51 61 62 536.48
24 96 2 66 5 69 38 39 72 40 75 76 13 78 18 19 51 85 26 27 92 61 62 95 31 11.62
23 96 2 66 5 69 38 39 72 40 75 76 13 78 18 19 51 85 26 27 92 61 62 31 15.94
22 96 66 5 69 38 39 72 40 75 76 13 78 79 18 19 51 85 26 27 92 62 31 13.23
22 66 5 69 38 39 72 40 75 11 76 12 13 78 79 18 19 51 85 26 27 62 31 396.70
21 66 5 69 38 39 72 40 75 11 12 13 78 79 18 19 51 85 26 27 62 31 1658.40
20 66 5 69 38 39 72 40 75 11 12 13 78 79 18 19 51 26 27 62 31 52.14
19 66 5 69 38 39 72 40 75 11 12 78 79 18 19 51 26 27 62 31 2784.67
19 66 5 69 38 39 72 40 75 11 12 78 79 80 18 19 51 26 62 31 646.71
18 66 5 69 38 39 72 40 75 11 12 79 80 18 19 51 26 62 31 140.34
17 66 5 38 39 72 40 75 11 12 79 80 18 19 51 26 62 31 1153.00
16 66 5 38 39 72 40 75 11 12 79 80 18 19 51 26 62 58.20
15 66 5 38 39 72 40 75 11 12 79 80 19 51 26 62 609.90
14 66 5 38 39 72 40 75 12 79 80 19 51 26 62 755.05
14 66 5 38 39 72 40 75 12 79 80 19 87 26 62 318.08
14 66 5 38 39 72 75 12 79 80 19 86 87 26 62 91.33
13 66 5 39 72 75 12 79 80 19 86 87 26 62 306.82
13 64 66 5 39 72 75 12 79 80 86 87 26 62 88.18
13 64 5 39 73 75 12 79 80 86 87 89 26 62 211.95
12 64 80 86 39 87 73 89 26 75 12 62 79 154.17
11 64 80 86 39 87 73 89 26 75 12 62 147.94
10 64 80 86 39 87 73 89 75 12 62 602.97
9 64 80 86 39 87 73 89 75 12 148.76
9 64 80 86 39 87 73 89 91 12 452.29
8 64 80 86 39 87 73 89 91 58.22
7 64 80 86 39 73 89 91 441.00
6 64 80 39 73 89 91 464.25
6 64 80 21 73 89 91 802.15
5 80 21 73 89 91 13.00
5 80 0 21 73 91 470.49
4 80 0 21 73 250.00
3 80 0 73 211.00
2 80 0 71.00
2 80 8 921.00
1 8 3118.00
62091.60
200_SUM 25_COPY 1200_QR 40_COPY 25_COPY 40_COPY 350_SUM 35_XPY 1200_QR 1000_QR 10_COPY 350_SUM 25_COPY 1100_QR 10_COPY 350_SUM 1300_QR 350_SUM 650_SUM 55_COPY 35_XPY 10_COPY 10_COPY 200_SUM 20_XPY 50_XPY 40_COPY 40_COPY 650_SUM 1100_QR 1000_QR 1100_QR 10_COPY 65_XPY 200_SUM 1200_QR 20_XPY 1200_QR 1300_QR 1300_QR 1300_QR 10_COPY 10_COPY 1000_QR 1100_QR 25_COPY 50_XPY 65_XPY 35_XPY 200_SUM 50_XPY 1300_QR 1200_QR 25_COPY 50_XPY 1100_QR 10_COPY 200_SUM 500_SUM 25_COPY 1200_QR 500_SUM 40_COPY 50_XPY 1000_QR 1000_QR 1300_QR 35_XPY 10_COPY 500_SUM 50_XPY 50_XPY 1300_QR 1100_QR 20_XPY 55_COPY 10_COPY 10_COPY 40_COPY 65_XPY 1300_QR 35_XPY 50_XPY 20_XPY 50_XPY 25_COPY 35_XPY 200_SUM 10_COPY 1000_QR 1100_QR 350_SUM 1300_QR 65_XPY 350_SUM 350_SUM 1300_QR 65_XPY 1100_QR 650_SUM 