26
40 45 39 36 25 12 40 44 49 4 26 33 16 24 43 1 13 14 27 28 30 23 34 7 38 22 32 37 10 20 42 48 2 3 5 29 47 9 6 19 41 6877.32
40 1 2 3 4 5 6 7 8 9 10 13 14 16 17 19 20 21 22 23 24 26 27 28 29 30 31 32 33 34 35 37 38 40 41 42 43 44 47 48 49 2512.46
40 1 2 3 4 5 6 7 8 9 11 13 14 15 16 17 18 19 21 22 23 24 26 27 28 29 30 31 32 33 34 35 37 38 40 41 43 44 46 47 49 3079.89
37 1 2 3 5 6 7 8 9 11 13 14 15 16 17 18 19 21 22 23 24 27 28 29 30 31 32 34 35 37 38 40 41 43 44 46 47 49 2429.89
35 1 2 3 5 6 7 8 9 11 13 14 15 16 17 18 19 21 22 23 24 27 28 29 30 31 34 35 38 40 41 43 44 46 47 49 1861.19
34 1 2 3 5 6 7 8 9 11 13 14 15 16 17 18 19 21 23 24 27 28 29 30 31 34 35 38 40 41 43 44 46 47 49 941.27
30 1 2 3 5 6 7 8 9 13 14 16 17 19 21 23 24 27 28 29 30 31 34 35 38 40 41 43 44 47 49 644.76
29 1 2 3 5 6 7 8 9 13 14 16 17 19 21 23 24 27 28 29 30 31 34 35 38 40 41 43 47 49 2120.13
28 1 2 3 5 6 7 8 9 13 14 16 17 19 23 24 27 28 29 30 31 34 35 38 40 41 43 47 49 175.46
27 1 2 3 5 6 7 8 9 13 14 16 17 19 23 24 27 28 29 30 31 34 35 38 40 41 43 49 160.42
24 1 2 34 35 6 38 7 8 40 9 41 43 13 14 16 17 49 19 23 24 27 28 30 31 526.37
23 1 34 35 6 38 7 8 40 9 41 43 13 14 16 17 49 19 23 24 27 28 30 31 503.06
21 1 34 35 6 38 7 8 40 9 41 13 14 16 17 49 19 23 27 28 30 31 235.30
20 1 34 35 6 38 7 8 40 9 41 13 14 17 49 19 23 27 28 30 31 1049.03
18 1 34 35 6 8 40 9 41 13 14 17 49 19 23 27 28 30 31 958.16
15 1 34 6 40 9 41 13 14 49 19 23 27 28 30 31 522.06
14 1 34 6 40 41 13 14 49 19 23 27 28 30 31 1891.49
13 1 34 6 40 41 13 14 49 19 23 27 28 30 1920.69
12 1 49 34 6 23 40 41 27 28 13 14 30 210.65
10 1 49 34 23 40 27 28 13 14 30 816.00
9 1 34 23 40 27 28 13 14 30 172.92
8 1 34 23 40 27 28 13 14 12.68
6 1 34 23 40 13 14 157.76
4 0 1 34 23 107.00
3 0 34 23 1283.00
1 0 3883.00
35051.98
1300_QR 40_COPY 1100_QR 1100_QR 35_XPY 1100_QR 1300_QR 25_COPY 500_SUM 1200_QR 10_COPY 200_SUM 20_XPY 40_COPY 40_COPY 200_SUM 65_XPY 500_SUM 200_SUM 1300_QR 10_COPY 350_SUM 1000_QR 55_COPY 65_XPY 20_XPY 35_XPY 40_COPY 40_COPY 1100_QR 40_COPY 650_SUM 1000_QR 35_XPY 55_COPY 500_SUM 20_XPY 1000_QR 25_COPY 20_XPY 40_COPY 1300_QR 10_COPY 65_XPY 50_XPY 20_XPY 200_SUM 1100_QR 10_COPY 40_COPY 